-0.072547
-0.025741
0.031091
0.13126
0.24657
0.34774
0.41756
0.45302
0.4611
0.45327
0.4398
0.42481
0.40573
0.37978
0.35105
0.32956
0.32211
0.32434
0.32078
0.29213
0.2254
0.12284
0.0050645
-0.094775
-0.1446
-0.12948
-0.06269
0.015926
0.056967
0.025582
-0.082686
-0.24209
-0.4081
-0.53304
-0.58331
-0.55236
-0.46014
-0.33912
-0.22066
-0.12981
-0.082109
-0.076801
-0.095705
-0.11578
-0.12537
-0.12879
-0.13958
-0.17278
-0.23839
-0.33204
-0.42775
-0.48487
-0.46905
-0.37119
-0.21053
-0.023935
0.14778
0.27177
0.33308
0.33843
0.30867
0.26488
0.21993
0.17936
0.14384
0.1088
0.067152
0.017611
-0.030484
-0.062967
-0.069651
-0.045812
0.010654
0.097478
0.20312
0.30689
0.38448
0.41334
0.37839
0.28109
0.1456
0.011633
-0.084341
-0.12518
-0.11723
-0.085119
-0.06164
-0.073089
-0.12373
-0.19053
-0.23541
-0.22775
-0.1608
-0.052848
0.062973
0.15246
0.19319
0.18327
0.14102
0.094539
0.068713
0.077583
0.12207
0.18958
0.2578
0.30575
0.32603
0.32633
0.31952
0.31346
0.30894
0.30242
0.28833
0.26215
0.22602
0.19162
0.1744
0.18308
0.21423
0.25449
0.28592
0.29167
0.26374
0.20968
0.14977
0.10394
0.079593
0.071287
0.068487
0.061548
0.043827
0.014499
-0.019152
-0.046236
-0.061544
-0.068854
-0.074548
-0.080856
-0.086326
-0.088902
-0.085415
-0.071263
-0.045671
-0.017229
-0.00056211
-0.0064223
-0.036097
-0.083447
-0.13764
-0.18324
-0.20327
-0.18799
-0.14231
-0.083981
-0.034817
-0.012131
-0.023514
-0.064219
-0.11804
-0.16384
-0.18579
-0.18066
-0.15682
-0.12723
-0.10318
-0.092455
-0.098381
-0.11664
-0.13347
-0.13016
-0.092111
-0.016712
0.08285
0.17844
0.23531
0.22857
0.15909
0.056675
-0.03312
-0.070388
-0.038884
0.04741
0.15196
0.23384
0.26662
0.24786
0.19638
0.14127
0.10924
0.11474
0.1551
0.21165
0.25756
0.27042
0.24393
0.1917
0.14117
0.12108
0.14788
0.21625
0.29909
0.3591
0.36649
0.31271
0.21339
0.10084
0.010162
-0.036019
-0.037504
-0.015116
0.0024001
-0.0043768
-0.034644
-0.069047
-0.082517
-0.060775
-0.010907
0.040755
0.062725
0.03591
-0.035761
-0.12678
-0.20205
-0.23336
-0.21247
-0.15334
-0.083699
-0.032474
-0.019614
-0.048927
-0.10449
-0.15515
-0.1687
-0.12794
-0.038181
0.075795
0.1788
0.23778
0.23603
0.18198
0.10424
0.035295
-0.0035538
-0.0068337
0.018829
0.060367
0.10359
0.138
0.15891
0.16525
0.1568
0.13519
0.10768
0.087628
0.088459
0.1145
0.15591
0.19233
0.20321
0.17797
0.1203
0.04643
-0.020265
-0.057571
-0.054277
-0.016728
0.033284
0.068287
0.066119
0.017782
-0.067937
-0.16471
-0.23772
-0.25992
-0.22556
-0.1516
-0.068349
-0.0067071
0.013356
-0.0083113
-0.050253
-0.0797
-0.071332
-0.021643
0.051085
0.11907
0.1601
0.16802
0.15541
0.14699
0.16546
0.21804
0.29271
0.36614
0.41656
0.43387
0.42276
0.39861
0.37843
0.37235
0.37991
0.39134
0.39186
0.3676
0.3116
0.22737
0.12863
0.036344
-0.027342
-0.048766
-0.031291
0.0052896
0.035468
0.040297
0.013215
-0.040503
-0.10729
-0.17092
-0.21933
-0.24844
-0.26081
-0.26173
-0.25703
-0.25269
-0.25396
-0.26298
-0.27683
-0.28754
-0.2848
-0.26051
-0.2126
-0.14575
-0.069469
0.004439
0.064107
0.099613
0.10471
0.078332
0.026481
-0.035955
-0.08621
-0.1
-0.062214
0.023429
0.13189
0.22437
0.26319
0.22807
0.12766
-0.00012559
-0.1033
-0.14126
-0.10485
-0.01807
0.076673
0.13778
0.14052
0.08738
0.0083315
-0.052784
-0.060208
-0.0033756
0.099208
0.20808
0.2782
0.27745
0.20182
0.078243
-0.047891
-0.13343
-0.15421
-0.11105
-0.025521
0.07114
0.15202
0.20579
0.23929
0.26896
0.30652
0.34863
0.37801
0.37456
0.32816
0.24547
0.14837
0.065383
0.018197
0.0090195
0.018793
0.020233
-0.0035654
-0.049031
-0.094959
-0.11307
-0.081452
0.0022506
0.11516
0.21763
0.27197
0.25871
0.18224
0.06724
-0.050148
-0.13457
-0.16391
-0.13616
-0.06708
0.019
0.099696
0.16197
0.20475
0.23615
0.26632
0.30047
0.33648
0.36742
0.38533
0.3843
0.36352
0.3284
0.2873
0.24652
0.20957
0.17983
0.16091
0.15422
0.15903
0.17491
0.20073
0.23041
0.25254
0.25541
0.22981
0.16706
0.059872
-0.08903
-0.25876
-0.4135
-0.51666
-0.54609
-0.5028
-0.41089
-0.30816
-0.22928
-0.18919
-0.17757
-0.16921
-0.14232
-0.091272
-0.027606
0.026308
0.045305
0.010957
-0.078599
-0.20567
-0.34125
-0.45757
-0.53521
-0.5643
-0.5453
-0.48932
-0.41393
-0.33662
-0.2718
-0.23174
-0.22561
-0.2549
-0.31034
-0.37477
-0.43001
-0.46192
-0.45941
-0.40704
-0.28014
-0.056888
0.25078
0.57691
0.8278
0.94283
0.92827
0.83195
0.70317
0.58525
0.51787
0.51415
0.54607
0.57716
0.59754
0.60485
0.57382
0.48364
0.36409
0.27462
0.24071
0.24387
0.26774
0.31306
0.36421
0.38134
0.34251
0.26888
0.19613
0.14312
0.11864
0.13315
0.18366
0.24132
0.27291
0.26855
0.23839
0.19253
0.13785
0.086707
0.052834
0.038627
0.035688
0.036247
0.035845
0.027339
0.0025766
-0.038112
-0.084459
-0.12535
-0.1544
-0.16688
-0.15864
-0.13209
-0.099495
-0.076559
-0.07305
-0.089384
-0.11845
-0.14822
-0.16572
-0.16339
-0.14335
-0.11484
-0.088428
-0.072853
-0.074398
-0.094527
-0.12697
-0.15935
-0.1796
-0.18183
-0.16822
-0.14793
-0.13353
-0.13475
-0.15228
-0.17672
-0.19423
-0.19423
-0.17378
-0.1376
-0.095387
-0.05872
-0.037827
-0.038096
-0.057539
-0.087295
-0.11535
-0.13105
-0.12819
-0.10665
-0.072165
-0.033877
-0.00041901
0.022176
0.030051
0.02137
-0.0017027
-0.031283
-0.055442
-0.062485
-0.044631
7.5281e-05
0.066598
0.14292
0.21332
0.2645
0.29058
0.29383
0.28277
0.26955
0.26634
0.27962
0.30546
0.33042
0.33859
0.32021
0.27705
0.22263
0.17757
0.16131
0.18283
0.23503
0.29702
0.34398
0.35872
0.33829
0.29367
0.24448
0.21042
0.20161
0.21249
0.22516
0.22058
0.18973
0.13786
0.081874
0.043393
0.039368
0.072953
0.13038
0.18711
0.21963
0.21561
0.17795
0.12225
0.069025
0.033672
0.019831
0.02036
0.024045
0.021952
0.0099773
-0.011155
-0.036777
-0.060176
-0.075187
-0.077928
-0.067612
-0.047692
-0.026282
-0.013039
-0.013576
-0.026811
-0.047667
-0.07116
-0.093878
-0.11381
-0.13042
-0.14371
-0.15194
-0.15162
-0.14154
-0.12624
-0.11427
-0.1133
-0.12709
-0.15464
-0.18939
-0.21955
-0.23254
-0.22173
-0.18967
-0.1462
-0.10442
-0.076881
-0.071258
-0.085752
-0.10807
-0.12034
-0.10758
-0.064848
0.00016343
0.069838
0.12381
0.14781
0.13998
0.11094
0.078122
0.057783
0.059429
0.084108
0.12555
0.17279
0.2139
0.24021
0.24887
0.24248
0.22693
0.2091
0.19527
0.18921
0.19061
0.19528
0.19749
0.19328
0.18296
0.17138
0.16534
0.16925
0.18192
0.19638
0.20284
0.19306
0.16459
0.12315
0.081286
0.053299
0.04893
0.068838
0.10371
0.13752
0.15415
0.14476
0.11171
0.066938
0.02669
0.0053372
0.010125
0.037879
0.075739
0.10688
0.11824
0.10536
0.072435
0.029397
-0.011505
-0.039597
-0.049611
-0.043327
-0.027839
-0.012269
-0.0049457
-0.010642
-0.027454
-0.045975
-0.053516
-0.041308
-0.0096125
0.031698
0.065986
0.075578
0.050396
-0.0042785
-0.067688
-0.11315
-0.12091
-0.086181
-0.019772
0.056803
0.11988
0.15333
0.15455
0.13333
0.10535
0.085455
0.082735
0.097304
0.11985
0.1361
0.13443
0.11125
0.070935
0.022678
-0.022603
-0.055238
-0.070346
-0.06989
-0.060753
-0.050341
-0.043657
-0.042959
-0.047937
-0.055773
-0.062647
-0.066301
-0.066674
-0.063896
-0.056891
-0.044787
-0.028969
-0.013026
-0.0012156
0.0028474
-0.0024728
-0.014925
-0.027597
-0.03103
-0.017169
0.017072
0.067527
0.12244
0.1659
0.18494
0.17622
0.14747
0.11359
0.090439
0.088782
0.10999
0.14597
0.18382
0.21201
0.2235
0.21611
0.19252
0.16027
0.1297
0.11014
0.10662
0.11858
0.14011
0.16195
0.17555
0.17735
0.16972
0.15772
0.14463
0.12994
0.11065
0.084589
0.053121
0.021582
-0.0029779
-0.015243
-0.014271
-0.0039487
0.0089837
0.018318
0.020988
0.017143
0.0081764
-0.0051344
-0.023066
-0.046211
-0.074018
-0.10297
-0.12585
-0.13396
-0.12176
-0.090692
-0.049392
-0.010006
0.017026
0.027073
0.022407
0.010075
-0.0018767
-0.0079172
-0.0069218
-0.0015323
0.0049285
0.011738
0.021139
0.035335
0.05307
0.068737
0.074466
0.064178
0.037972
0.004161
-0.023462
-0.032191
-0.016642
0.018832
0.062024
0.097844
0.11464
0.10928
0.088241
0.064107
0.049584
0.052268
0.072543
0.10511
0.14241
0.17719
0.20313
0.21474
0.20826
0.18341
0.1445
0.099434
0.056791
0.022477
-0.002149
-0.01972
-0.034284
-0.047939
-0.058427
-0.059541
-0.044837
-0.012362
0.032973
0.08061
0.1178
0.13385
0.12446
0.094424
0.056331
0.025413
0.013753
0.026521
0.060486
0.10455
0.14312
0.16211
0.15475
0.12391
0.080184
0.037959
0.010778
0.0066915
0.024919
0.056406
0.088716
0.11178
0.12051
0.1142
0.095485
0.069976
0.045443
0.029539
0.027315
0.039612
0.06217
0.085719
0.09836
0.090158
0.057318
0.0035992
-0.060632
-0.12061
-0.16121
-0.17301
-0.15691
-0.12301
-0.084006
-0.048609
-0.018863
0.0086651
0.039714
0.077708
0.11912
0.15246
0.1629
0.14002
0.083824
0.0067662
-0.068587
-0.11684
-0.1205
-0.078526
-0.0070062
0.067996
0.12055
0.13391
0.10688
0.054994
0.0044052
-0.019672
-0.003721
0.048723
0.11796
0.17505
0.19409
0.16508
0.099401
0.024183
-0.030495
-0.044266
-0.014337
0.043853
0.10424
0.14292
0.1484
0.12347
0.080326
0.034544
0.00049715
-0.012579
-0.0031558
0.023323
0.057537
0.088686
0.10611
0.10277
0.079894
0.048115
0.022703
0.01665
0.035831
0.076558
0.12507
0.16112
0.16633
0.13273
0.066143
-0.015991
-0.089431
-0.1299
-0.12197
-0.0662
0.020591
0.11231
0.18284
0.21381
0.20021
0.15219
0.090927
0.03939
0.01382
0.019338
0.049159
0.086829
0.11298
0.11518
0.094362
0.063056
0.037722
0.030959
0.04649
0.077571
0.10999
0.12936
0.1283
0.10812
0.075384
0.038046
0.0040992
-0.019342
-0.028369
-0.023812
-0.0096906
0.0094381
0.029275
0.045801
0.057015
0.06468
0.072401
0.081302
0.088473
0.089745
0.083019
0.069036
0.050388
0.030068
0.0094241
-0.013429
-0.042071
-0.077015
-0.11204
-0.13579
-0.1376
-0.11323
-0.067349
-0.012717
0.033367
0.05556
0.04792
0.017699
-0.017941
-0.040576
-0.039226
-0.014952
0.019777
0.046459
0.049095
0.022196
-0.026262
-0.078443
-0.11382
-0.11617
-0.079174
-0.0097979
0.072826
0.14468
0.18681
0.19222
0.16712
0.12801
0.095455
0.08571
0.10343
0.13981
0.17694
0.19565
0.18365
0.14168
0.08469
0.036168
0.017797
0.039628
0.095314
0.16424
0.21997
0.24155
0.22204
0.17005
0.10498
0.049622
0.022293
0.029696
0.063208
0.10205
0.12279
0.10975
0.061248
-0.0096748
-0.079257
-0.12171
-0.12055
-0.076598
-0.0072184
0.062606
0.11076
0.12492
0.1054
0.064465
0.021735
-0.0043607
-0.0050288
0.015684
0.044454
0.065741
0.068263
0.04924
0.015786
-0.018037
-0.038559
-0.039586
-0.023547
0.0029128
0.033022
0.060679
0.080885
0.091716
0.094754
0.092191
0.084394
0.071166
0.053825
0.034655
0.015636
-0.00077427
-0.01086
-0.011528
-0.0023211
0.015892
0.043332
0.080467
0.12482
0.17008
0.20822
0.23156
0.2336
0.21145
0.16946
0.11939
0.074575
0.0431
0.025712
0.018373
0.015402
0.011879
0.0061294
0.00085583
0.00056404
0.0070241
0.017505
0.026983
0.030658
0.024221
0.0039541
-0.031105
-0.076877
-0.12495
-0.16556
-0.18981
-0.19098
-0.16655
-0.12078
-0.065279
-0.016428
0.0099093
0.005372
-0.024789
-0.061659
-0.081517
-0.068689
-0.0232
0.040902
0.10306
0.14454
0.15522
0.1371
0.10213
0.065673
0.040718
0.035428
0.051959
0.085384
0.12569
0.1635
0.19443
0.21781
0.2325
0.23544
0.22478
0.20349
0.17871
0.15624
0.13637
0.1165
0.097409
0.083903
0.078207
0.075467
0.067905
0.05235
0.033234
0.020647
0.026106
0.055624
0.10221
0.14628
0.16783
0.15995
0.12953
0.086874
0.039294
-0.0045471
-0.030593
-0.026905
0.0040681
0.044214
0.071499
0.071527
0.040649
-0.014361
-0.076214
-0.12242
-0.13784
-0.1227
-0.086754
-0.038599
0.015276
0.063915
0.09258
0.093531
0.073021
0.045268
0.022029
0.0097315
0.012136
0.029374
0.054545
0.076834
0.090137
0.095475
0.094311
0.084664
0.066823
0.048221
0.037443
0.035562
0.037756
0.041386
0.0471
0.052818
0.0526
0.043133
0.0275
0.011368
-0.00096177
-0.0059118
-0.00092718
0.011542
0.023661
0.029293
0.029839
0.03101
0.036183
0.045222
0.056905
0.06861
0.074892
0.070017
0.052227
0.024324
-0.0082689
-0.037796
-0.054344
-0.049792
-0.023268
0.017708
0.061137
0.095426
0.11287
0.11207
0.098674
0.082817
0.073947
0.076162
0.086557
0.097254
0.099966
0.090415
0.070287
0.046683
0.030027
0.030118
0.050539
0.084969
0.11937
0.13887
0.1342
0.10455
0.057817
0.0088581
-0.025684
-0.034448
-0.015705
0.023501
0.070383
0.10894
0.12441
0.11107
0.077385
0.041415
0.020029
0.021765
0.045874
0.082786
0.11565
0.12733
0.11011
0.068794
0.015393
-0.036341
-0.072318
-0.080772
-0.05858
-0.014326
0.036696
0.079785
0.1035
0.1002
0.070192
0.025992
-0.011974
-0.027499
-0.016796
0.01352
0.051881
0.084119
0.096716
0.084217
0.053333
0.017408
-0.0119
-0.026833
-0.022745
-0.00074892
0.030087
0.057616
0.074466
0.079893
0.075927
0.065066
0.05155
0.041814
0.041781
0.053458
0.073496
0.094153
0.10633
0.10403
0.087958
0.06522
0.044641
0.031633
0.027055
0.030031
0.040184
0.056606
0.076054
0.093629
0.10514
0.10855
0.10437
0.096103
0.089239
0.087573
0.089606
0.089135
0.079758
0.058966
0.029302
-0.0023499
-0.026512
-0.034791
-0.024563
-0.0005583
0.028868
0.056947
0.079897
0.094981
0.10013
0.096249
0.087944
0.080054
0.073574
0.065358
0.05133
0.02989
0.0035497
-0.0212
-0.035832
-0.033534
-0.013081
0.020207
0.057503
0.090651
0.11394
0.1238
0.11944
0.10454
0.086887
0.074604
0.072196
0.079758
0.094354
0.11098
0.12307
0.12458
0.11316
0.091606
0.066166
0.043571
0.029056
0.024813
0.028255
0.032172
0.028597
0.013833
-0.0096649
-0.035069
-0.053933
-0.058965
-0.047697
-0.025202
-0.002086
0.011736
0.011843
-0.00080287
-0.022243
-0.04666
-0.067042
-0.077379
-0.075047
-0.061056
-0.039041
-0.014911
0.003894
0.011463
0.0069549
-0.0051529
-0.018099
-0.025626
-0.023071
-0.0084749
0.015995
0.044629
0.071239
0.091593
0.1032
0.10456
0.096073
0.081262
0.065973
0.05617
0.05623
0.06771
0.088087
0.11089
0.12863
0.13667
0.13485
0.12637
0.11578
0.10749
0.10425
0.10549
0.1073
0.10479
0.095333
0.080389
0.065006
0.0558
0.058363
0.074856
0.10259
0.13449
0.16171
0.17714
0.17823
0.16778
0.15281
0.14162
0.14004
0.1484
0.16121
0.17034
0.1698
0.15864
0.14055
0.12158
0.10792
0.10382
0.1094
0.1201
0.1292
0.13131
0.12423
0.10907
0.090037
0.073041
0.062336
0.057373
0.053136
0.043549
0.024674
-0.0037513
-0.037571
-0.068535
-0.087246
-0.087812
-0.070604
-0.041526
-0.0098167
0.014021
0.021105
0.008166
-0.020064
-0.052795
-0.078546
-0.090215
-0.087144
-0.074219
-0.05934
-0.050135
-0.05068
-0.059865
-0.072656
-0.083157
-0.086952
-0.081893
-0.068808
-0.052683
-0.041993
-0.044178
-0.060026
-0.082431
-0.10075
-0.1062
-0.094877
-0.069253
-0.038332
-0.013688
-0.00244
-0.0042163
-0.015005
-0.031361
-0.049474
-0.063248
-0.066817
-0.058314
-0.039182
-0.011021
0.024323
0.062048
0.09447
0.11471
0.11955
0.1097
0.090313
0.072081
0.068553
0.088056
0.12714
0.17271
0.21039
0.23057
0.22985
0.21209
0.18916
0.17676
0.18562
0.21573
0.25818
0.30031
0.32965
0.33762
0.32388
0.29751
0.27238
0.26003
0.26484
0.28315
0.30508
0.31845
0.3141
0.29056
0.25466
0.21712
0.18647
0.16628
0.15656
0.15565
0.16035
0.16618
0.16883
0.16437
0.14834
0.11675
0.069616
0.013177
-0.042185
-0.08603
-0.11124
-0.11629
-0.10648
-0.09274
-0.087128
-0.096874
-0.12048
-0.14887
-0.17089
-0.17947
-0.17502
-0.16533
-0.16234
-0.17582
-0.2063
-0.24256
-0.26672
-0.26362
-0.22829
-0.16863
-0.10354
-0.056346
-0.044613
-0.071294
-0.12288
-0.17532
-0.20391
-0.19319
-0.14335
-0.06951
0.0060758
0.063667
0.092034
0.090139
0.065846
0.032197
0.0026787
-0.012386
-0.0083394
0.011789
0.038271
0.06066
0.074327
0.081015
0.083942
0.083958
0.080036
0.071682
0.060421
0.049995
0.04543
0.050887
0.067358
0.091904
0.11879
0.14151
0.15488
0.1569
0.15034
0.1429
0.14459
0.162
0.19325
0.22892
0.2586
0.27609
0.27888
0.26658
0.24265
0.21527
0.19259
0.17713
0.16724
0.1628
0.16634
0.17886
0.19738
0.21634
0.22861
0.22608
0.20386
0.16626
0.12659
0.09918
0.091196
0.10025
0.11621
0.12464
0.1125
0.075668
0.0228
-0.028273
-0.059708
-0.06252
-0.040318
-0.0064105
0.023302
0.037195
0.031805
0.012778
-0.0070419
-0.013187
0.0026837
0.037456
0.077336
0.10413
0.1035
0.071739
0.018256
-0.037786
-0.075775
-0.082192
-0.054506
-0.00058867
0.062844
0.11314
0.12962
0.10409
0.044671
-0.029475
-0.095919
-0.1351
-0.13761
-0.11061
-0.074679
-0.05157
-0.054372
-0.086398
-0.14255
-0.20871
-0.26437
-0.29133
-0.28105
-0.23472
-0.16052
-0.074425
0.00044502
0.043037
0.046313
0.018845
-0.02383
-0.065014
-0.086415
-0.072707
-0.023481
0.043076
0.1032
0.142
0.15433
0.14012
0.10743
0.075672
0.065226
0.081969
0.11653
0.15609
0.18937
0.20243
0.18289
0.13443
0.080033
0.044623
0.038158
0.057589
0.09638
0.14378
0.18109
0.19147
0.17578
0.1517
0.13605
0.13429
0.14634
0.17074
0.19771
0.20865
0.19266
0.15887
0.12605
0.10584
0.10319
0.12391
0.16796
0.21722
0.24353
0.2323
0.19214
0.14171
0.096324
0.068669
0.070927
0.10574
0.15779
0.20168
0.2186
0.20271
0.15595
0.086815
0.015006
-0.032983
-0.041711
-0.01841
0.016376
0.045931
0.061788
0.058221
0.033596
-0.0016954
-0.027681
-0.030899
-0.015699
0.0017607
0.0060846
-0.012128
-0.055178
-0.11354
-0.16437
-0.18342
-0.16249
-0.11399
-0.059754
-0.019144
-0.0052872
-0.022995
-0.064377
-0.11065
-0.14456
-0.16097
-0.16369
-0.15616
-0.14096
-0.12499
-0.11653
-0.11513
-0.10927
-0.086326
-0.042775
0.014326
0.070611
0.1088
0.11681
0.09756
0.069327
0.052353
0.054152
0.068455
0.084985
0.0957
0.094261
0.078287
0.055577
0.042177
0.049446
0.075508
0.11102
0.14788
0.17846
0.19278
0.18456
0.1591
0.12943
0.10513
0.08951
0.08569
0.097614
0.12228
0.14719
0.15966
0.15493
0.13218
0.089519
0.031284
-0.023118
-0.047814
-0.030543
0.020019
0.085006
0.14552
0.18275
0.18016
0.13495
0.064801
-0.0020718
-0.042951
-0.046285
-0.0089374
0.062382
0.14633
0.212
0.23571
0.2135
0.15864
0.092479
0.03962
0.022964
0.051215
0.10858
0.16268
0.18628
0.17106
0.12459
0.06234
0.0044427
-0.029158
-0.029387
-0.0045022
0.026462
0.045845
0.043471
0.017758
-0.021855
-0.054975
-0.060302
-0.029966
0.02604
0.087359
0.1314
0.1376
0.095293
0.015071
-0.070751
-0.12584
-0.13051
-0.087517
-0.014979
0.061637
0.11657
0.13407
0.11619
0.078302
0.037263
0.0057506
-0.0059402
0.0076332
0.038709
0.066453
0.072478
0.056173
0.032
0.013892
0.0062274
0.0069342
0.011039
0.0092156
-0.0094199
-0.046824
-0.091277
-0.12748
-0.14856
-0.15453
-0.1444
-0.11842
-0.086511
-0.064877
-0.06132
-0.068958
-0.075493
-0.072998
-0.057872
-0.029554
0.0049992
0.03097
0.038009
0.033023
0.035329
0.057826
0.096134
0.13588
0.16515
0.17848
0.17621
0.16666
0.16488
0.18105
0.2103
0.23804
0.25281
0.24768
0.214
0.14681
0.059436
-0.016119
-0.048533
-0.024745
0.04853
0.15015
0.24885
0.31293
0.32538
0.2898
0.22058
0.13162
0.036624
-0.046633
-0.1012
-0.12191
-0.1179
-0.10272
-0.083799
-0.060931
-0.030318
0.01217
0.067117
0.12505
0.16521
0.16755
0.13021
0.074817
0.034234
0.033841
0.078448
0.1484
0.20617
0.21443
0.15792
0.053401
-0.060005
-0.14006
-0.15546
-0.092742
0.037211
0.19529
0.32482
0.37726
0.33485
0.21473
0.058532
-0.082804
-0.16805
-0.18405
-0.14746
-0.085753
-0.01923
0.037934
0.070305
0.066889
0.032428
-0.014363
-0.052531
-0.065335
-0.043226
0.0067204
0.054612
0.062777
0.013921
-0.076447
-0.1731
-0.24094
-0.2558
-0.21002
-0.11712
-0.0082974
0.082343
0.13235
0.13505
0.097395
0.039015
-0.011303
-0.028801
-0.0097802
0.024113
0.04161
0.024861
-0.019968
-0.070576
-0.10356
-0.10382
-0.067444
-0.0028833
0.070866
0.13281
0.17027
0.18127
0.17001
0.144
0.11368
0.087763
0.067078
0.04812
0.035084
0.044113
0.091059
0.17506
0.27513
0.36137
0.40849
0.4029
0.34589
0.25655
0.16786
0.10991
0.091192
0.096685
0.10318
0.09354
0.061036
0.011403
-0.03561
-0.054681
-0.031987
0.025439
0.094577
0.14471
0.14456
0.076811
-0.043139
-0.16684
-0.24061
-0.23859
-0.17296
-0.080944
-0.0058393
0.01975
-0.011102
-0.073917
-0.1256
-0.12894
-0.07085
0.032982
0.1416
0.20001
0.16444
0.033514
-0.14117
-0.27994
-0.31771
-0.23341
-0.054533
0.15516
0.31782
0.37208
0.30332
0.15419
0.002628
-0.079897
-0.060838
0.046854
0.1953
0.31816
0.35616
0.28962
0.15382
0.01819
-0.053136
-0.027627
0.088496
0.25006
0.38304
0.41759
0.32975
0.15512
-0.037654
-0.1837
-0.24052
-0.19466
-0.070933
0.069076
0.15781
0.1625
0.097074
0.0019379
-0.07773
-0.1022
-0.051365
0.057366
0.17322
0.24451
0.24801
0.19039
0.095232
-0.0034263
-0.067001
-0.071733
-0.02833
0.024024
0.046772
0.024316
-0.035798
-0.1109
-0.16771
-0.17244
-0.1122
-0.0089213
0.092883
0.15436
0.16079
0.12083
0.057237
-0.003131
-0.04073
-0.05303
-0.052387
-0.052174
-0.056192
-0.061103
-0.063179
-0.058661
-0.042763
-0.015671
0.012171
0.028019
0.031108
0.0336
0.045849
0.065111
0.079787
0.079072
0.055629
0.0057592
-0.064029
-0.13058
-0.16191
-0.13718
-0.059441
0.049387
0.16062
0.24575
0.28291
0.26899
0.22496
0.17943
0.14461
0.1138
0.080041
0.044655
0.0049282
-0.050786
-0.12242
-0.18039
-0.18277
-0.1103
0.021984
0.1803
0.32563
0.41713
0.42483
0.35113
0.23314
0.11881
0.044344
0.029175
0.072219
0.14257
0.18862
0.17491
0.11147
0.042473
0.011773
0.04321
0.13871
0.27466
0.4001
0.45697
0.41446
0.28498
0.11202
-0.048055
-0.13897
-0.12488
-0.016944
0.12377
0.22086
0.22552
0.13362
-0.02068
-0.17701
-0.26822
-0.25349
-0.1455
-0.0032238
0.10576
0.14006
0.094236
-0.0093453
-0.13203
-0.23102
-0.27394
-0.25074
-0.17596
-0.080883
-0.00094437
0.037042
0.024708
-0.024885
-0.083422
-0.12053
-0.11811
-0.078666
-0.022725
0.023639
0.042278
0.029157
-0.0066329
-0.046505
-0.068683
-0.058543
-0.01694
0.041248
0.095084
0.12327
0.10882
0.049118
-0.035406
-0.10799
-0.13573
-0.10583
-0.029143
0.064739
0.13823
0.16317
0.13572
0.075706
0.01241
-0.028973
-0.033811
-0.0019938
0.050793
0.10113
0.13303
0.14629
0.15003
0.15041
0.14603
0.13189
0.10467
0.065591
0.022957
-0.007232
-0.0069031
0.033205
0.10587
0.19006
0.26167
0.30354
0.30968
0.28594
0.24923
0.22098
0.21409
0.22482
0.23919
0.24545
0.2371
0.20871
0.15921
0.10111
0.05758
0.044119
0.05634
0.07822
0.097021
0.10639
0.10184
0.082221
0.053879
0.025696
-0.0002505
-0.027534
-0.055711
-0.078582
-0.092324
-0.097153
-0.087768
-0.050658
0.020618
0.10977
0.18375
0.2142
0.19041
0.11759
0.013995
-0.088281
-0.15161
-0.1539
-0.10325
-0.030389
0.030817
0.056256
0.03704
-0.015656
-0.072927
-0.10554
-0.10301
-0.074388
-0.035381
-0.0016899
0.0095703
-0.013994
-0.066514
-0.12243
-0.15352
-0.14597
-0.10331
-0.041686
0.013552
0.036391
0.016562
-0.031477
-0.079912
-0.10724
-0.10684
-0.0852
-0.059827
-0.052897
-0.073523
-0.10336
-0.10617
-0.054426
0.053427
0.19462
0.33062
0.41655
0.4179
0.33106
0.18957
0.047477
-0.04562
-0.060678
0.0047555
0.12516
0.25431
0.3456
0.37375
0.34068
0.26628
0.1788
0.10956
0.082988
0.10209
0.14407
0.17433
0.16706
0.11673
0.038168
-0.039089
-0.081144
-0.065329
0.0053976
0.1007
0.17751
0.20154
0.16215
0.075305
-0.023318
-0.092741
-0.10624
-0.065062
0.0058159
0.075669
0.12222
0.13484
0.11585
0.083377
0.065257
0.081015
0.12807
0.18602
0.23098
0.24432
0.21496
0.14329
0.04551
-0.050916
-0.12027
-0.14884
-0.13716
-0.098965
-0.058311
-0.038226
-0.043899
-0.05819
-0.058451
-0.037349
-0.0052949
0.022765
0.035703
0.024018
-0.018554
-0.083659
-0.14314
-0.16342
-0.12797
-0.046626
0.050983
0.12702
0.14814
0.10246
0.011712
-0.078136
-0.12457
-0.10966
-0.040168
0.060851
0.15814
0.2127
0.20252
0.13866
0.056941
-0.005555
-0.024868
0.0078315
0.082898
0.16862
0.22359
0.22412
0.18086
0.12753
0.094731
0.09255
0.10963
0.1222
0.10869
0.065461
0.011024
-0.028403
-0.03836
-0.020575
0.016797
0.065714
0.11521
0.14973
0.15661
0.13556
0.09883
0.060943
0.028127
-0.0027517
-0.036477
-0.07196
-0.10006
-0.10567
-0.074023
-0.0015682
0.096306
0.19114
0.25762
0.28441
0.27138
0.22258
0.14678
0.062307
-0.0058715
-0.038646
-0.032169
0.0039136
0.051815
0.088025
0.091114
0.059066
0.017264
-0.00015989
0.021406
0.070476
0.12497
0.164
0.16823
0.12494
0.041044
-0.054795
-0.12856
-0.15812
-0.13756
-0.076039
0.0014325
0.05985
0.072797
0.03925
-0.01886
-0.073607
-0.10411
-0.10045
-0.067281
-0.027098
-0.010864
-0.035802
-0.090391
-0.14186
-0.15745
-0.12147
-0.041625
0.053903
0.12867
0.15646
0.13461
0.08382
0.037994
0.030653
0.079651
0.17412
0.27493
0.33416
0.32216
0.24329
0.13208
0.03506
-0.010613
0.0090126
0.083471
0.18482
0.27592
0.32155
0.30533
0.24206
0.16961
0.1237
0.11726
0.13765
0.15608
0.14313
0.088381
0.012534
-0.044225
-0.050693
-0.0024053
0.082655
0.17416
0.23532
0.23604
0.17441
0.081371
-0.0034138
-0.057755
-0.079007
-0.073933
-0.057805
-0.054339
-0.080249
-0.12822
-0.17182
-0.18502
-0.15282
-0.072601
0.038991
0.14169
0.19007
0.1657
0.088626
-0.0023484
-0.074504
-0.10992
-0.10621
-0.078804
-0.055284
-0.055841
-0.078391
-0.10549
-0.12128
-0.11667
-0.084982
-0.025214
0.048644
0.11089
0.14104
0.13357
0.092524
0.027542
-0.040566
-0.081377
-0.073703
-0.022009
0.049966
0.11766
0.16406
0.17832
0.15891
0.11924
0.082063
0.06371
0.065247
0.077935
0.091851
0.097917
0.088509
0.063664
0.036283
0.025162
0.039297
0.06962
0.095939
0.10027
0.075618
0.029151
-0.018518
-0.04152
-0.025226
0.020735
0.067365
0.087371
0.07425
0.044827
0.027265
0.045162
0.10466
0.18843
0.26198
0.29235
0.26717
0.20001
0.12212
0.070081
0.07178
0.13039
0.21759
0.28876
0.31073
0.27737
0.20566
0.12577
0.072237
0.070298
0.1204
0.19636
0.26112
0.28468
0.25277
0.17076
0.066727
-0.016412
-0.045005
-0.017862
0.034891
0.075256
0.078198
0.036191
-0.042378
-0.1327
-0.20007
-0.21862
-0.187
-0.12639
-0.067275
-0.038445
-0.058576
-0.12634
-0.21651
-0.29105
-0.31876
-0.28871
-0.21202
-0.11682
-0.03835
-0.0042285
-0.021522
-0.07536
-0.13937
-0.18839
-0.2063
-0.1887
-0.14058
-0.071262
0.008519
0.085656
0.14652
0.18367
0.19871
0.19715
0.18404
0.16601
0.15172
0.14704
0.15407
0.17598
0.2142
0.25625
0.27487
0.2482
0.17854
0.088277
0.0042367
-0.048772
-0.050549
0.0024589
0.087138
0.16565
0.21006
0.2129
0.18069
0.12976
0.086882
0.077665
0.10391
0.13755
0.14397
0.10957
0.045093
-0.028987
-0.090504
-0.11537
-0.086617
-0.011167
0.079689
0.15197
0.18795
0.18508
0.1492
0.096816
0.05586
0.051107
0.086343
0.14374
0.19897
0.2339
0.2391
0.21426
0.17139
0.13348
0.12172
0.13981
0.17201
0.19669
0.19912
0.172
0.11302
0.030951
-0.048637
-0.094596
-0.092277
-0.052902
-0.0020702
0.035697
0.042233
0.0075787
-0.062275
-0.14033
-0.18973
-0.18544
-0.12654
-0.032467
0.065265
0.12951
0.12988
0.061859
-0.046435
-0.15202
-0.22223
-0.24364
-0.21694
-0.15431
-0.078898
-0.015289
0.023708
0.038335
0.033202
0.013957
-0.0098319
-0.028007
-0.038702
-0.048807
-0.064032
-0.082002
-0.094815
-0.093821
-0.072441
-0.031094
0.017484
0.0525
0.060072
0.044596
0.024874
0.020677
0.042394
0.08722
0.13933
0.17621
0.18255
0.16161
0.13177
0.11251
0.11581
0.14642
0.20019
0.25885
0.29468
0.28935
0.24857
0.19605
0.15522
0.13868
0.14859
0.17762
0.20869
0.22213
0.20907
0.17665
0.13921
0.108
0.090059
0.090062
0.10641
0.12795
0.14123
0.14204
0.13653
0.13133
0.12605
0.11577
0.096578
0.066508
0.023542
-0.032975
-0.097206
-0.15451
-0.18709
-0.18378
-0.14511
-0.081052
-0.0070904
0.058491
0.099668
0.11009
0.094886
0.063858
0.024974
-0.015048
-0.049048
-0.072962
-0.088738
-0.099669
-0.10398
-0.096274
-0.074107
-0.040283
-0.00068788
0.035955
0.057671
0.054596
0.026949
-0.014677
-0.056801
-0.087754
-0.096683
-0.07548
-0.026303
0.03509
0.086497
0.11007
0.098377
0.056672
0.0038707
-0.031434
-0.02375
0.034
0.12451
0.21414
0.26831
0.26496
0.20231
0.10092
-0.0024107
-0.06999
-0.080588
-0.036976
0.039302
0.11819
0.1704
0.17698
0.13802
0.072933
0.0087986
-0.034206
-0.04933
-0.040841
-0.018758
0.0060619
0.026687
0.043321
0.062352
0.091262
0.13264
0.18103
0.22414
0.24682
0.23577
0.18541
0.10481
0.019588
-0.038288
-0.047758
-0.009447
0.056644
0.12104
0.15677
0.15277
0.12318
0.10133
0.11866
0.18481
0.28324
0.37926
0.4306
0.40016
0.27274
0.066441
-0.17327
-0.39318
-0.54987
-0.61799
-0.59363
-0.49375
-0.34672
-0.17711
0.0010694
0.17633
0.32827
0.42743
0.44721
0.3772
0.22932
0.035829
-0.15828
-0.30739
-0.37974
-0.36712
-0.28362
-0.15707
-0.021529
0.089287
0.15255
0.16619
0.14723
0.11876
0.097137
0.086104
0.076276
0.050441
-0.0043749
-0.085825
-0.17592
-0.24956
-0.28285
-0.2589
-0.1741
-0.04188
0.11197
0.25985
0.37957
0.45598
0.48336
0.46985
0.43559
0.40097
0.37609
0.36339
0.36756
0.39779
0.46046
0.55317
0.66408
0.77104
0.8419
0.84526
0.76966
0.63408
0.47857
0.34372
0.254
0.21025
0.1898
0.15597
0.077327
-0.053184
-0.21354
-0.36549
-0.47465
-0.52637
-0.53248
-0.52716
-0.55174
-0.63353
-0.76999
-0.92761
-1.0556
-1.1073
-1.0587
-0.91857
-0.72697
-0.54254
-0.42152
-0.39436
-0.45154
-0.5477
-0.62204
-0.62408
-0.53318
-0.3647
-0.16058
0.030669
0.17276
0.25045
0.26938
0.25196
0.23025
0.23441
0.28069
0.36579
0.4708
0.57217
0.65353
0.71139
0.75249
0.78696
0.82213
0.85704
0.87867
0.86601
0.80319
0.69104
0.54719
0.3972
0.26564
0.16914
0.11122
0.082644
0.068858
0.058137
0.043769
0.022374
-0.0064149
-0.039182
-0.070397
-0.095772
-0.1126
-0.11593
-0.096091
-0.043264
0.04376
0.15325
0.26486
0.35866
0.42297
0.45781
0.472
0.47469
0.46782
0.44694
0.40914
0.35935
0.30949
0.27386
0.26409
0.28254
0.31525
0.3325
0.30274
0.21118
0.068304
-0.095982
-0.24516
-0.34963
-0.3992
-0.4094
-0.41394
-0.44613
-0.52218
-0.6358
-0.76233
-0.86839
-0.92578
-0.92559
-0.8825
-0.82443
-0.7754
-0.74394
-0.72166
-0.6887
-0.62324
-0.51303
-0.36309
-0.19344
-0.029811
0.10463
0.19388
0.23317
0.2321
0.21231
0.1997
0.21697
0.27948
0.39182
0.54348
0.70859
0.85403
0.95138
0.98392
0.94639
0.84359
0.69206
0.52057
0.36381
0.25079
0.19427
0.18646
0.20284
0.21294
0.19286
0.13221
0.033436
-0.092544
-0.22965
-0.35941
-0.46517
-0.53732
-0.57569
-0.58708
-0.57883
-0.55303
-0.50553
-0.42994
-0.32418
-0.1958
-0.063055
0.050692
0.12683
0.15878
0.15296
0.12675
0.10591
0.11828
0.18151
0.29213
0.42481
0.54192
0.60715
0.59952
0.52503
0.4177
0.32452
0.28172
0.29936
0.36338
0.44837
0.52878
0.5841
0.60143
0.57829
0.52362
0.45556
0.39626
0.36449
0.36727
0.39504
0.42536
0.43411
0.40713
0.34645
0.26947
0.20247
0.16999
0.18399
0.23731
0.30338
0.34318
0.31943
0.21405
0.038233
-0.1725
-0.37356
-0.52598
-0.60641
-0.61384
-0.57047
-0.51207
-0.47278
-0.47547
-0.52958
-0.62899
-0.75
-0.85906
-0.93052
-0.95923
-0.95677
-0.93981
-0.9231
-0.91681
-0.92184
-0.92727
-0.91665
-0.87759
-0.80372
-0.69035
-0.53532
-0.34683
-0.1474
0.034029
0.17614
0.27476
0.34286
0.40235
0.47222
0.55844
0.65174
0.73433
0.7909
0.81736
0.8234
0.82764
0.84712
0.88717
0.93827
0.98105
0.99447
0.96453
0.89204
0.79491
0.69905
0.62213
0.56398
0.51158
0.4513
0.37717
0.29177
0.20325
0.12072
0.049226
-0.012121
-0.06671
-0.1154
-0.15556
-0.18408
-0.19998
-0.20481
-0.20219
-0.19715
-0.19511
-0.20175
-0.22304
-0.26225
-0.31449
-0.365
-0.39449
-0.38676
-0.33374
-0.23948
-0.12275
-0.012269
0.066554
0.10327
0.10375
0.084789
0.068865
0.077967
0.12433
0.20412
0.30068
0.39274
0.45947
0.48341
0.45745
0.39223
0.31392
0.25173
0.22548
0.23996
0.28373
0.3315
0.35423
0.33485
0.27775
0.20369
0.13605
0.089787
0.067751
0.062101
0.059607
0.049387
0.02805
-0.0027658
-0.043869
-0.10212
-0.18507
-0.29149
-0.40704
-0.50905
-0.5762
-0.59749
-0.57736
-0.5358
-0.50166
-0.50062
-0.54342
-0.62118
-0.70889
-0.77525
-0.79545
-0.7619
-0.68581
-0.58816
-0.48813
-0.3975
-0.32091
-0.25674
-0.19834
-0.13805
-0.071832
-0.00034545
0.072859
0.14259
0.20358
0.25478
0.30387
0.36536
0.45207
0.56639
0.69705
0.82098
0.90792
0.92948
0.87363
0.75741
0.62531
0.53018
0.50847
0.56466
0.67043
0.77578
0.82818
0.79417
0.67367
0.49983
0.32528
0.20172
0.16087
0.20302
0.29747
0.3944
0.44424
0.41782
0.3181
0.17646
0.03658
-0.063319
-0.10198
-0.080162
-0.01968
0.04564
0.083909
0.075146
0.013026
-0.096265
-0.23355
-0.36869
-0.47018
-0.51798
-0.51012
-0.45959
-0.38663
-0.31171
-0.25039
-0.21012
-0.19044
-0.18639
-0.19126
-0.19653
-0.19214
-0.17087
-0.13278
-0.083765
-0.029759
0.025414
0.076689
0.11565
0.13435
0.13126
0.11343
0.094316
0.089243
0.1089
0.15216
0.20273
0.23444
0.22362
0.16161
0.060185
-0.052196
-0.14096
-0.17916
-0.15935
-0.097464
-0.025935
0.019458
0.011663
-0.059687
-0.18398
-0.33096
-0.46053
-0.53809
-0.54707
-0.49327
-0.40086
-0.30187
-0.22285
-0.17513
-0.15405
-0.14534
-0.13298
-0.10538
-0.059716
-0.0033503
0.049883
0.087739
0.10743
0.11834
0.13748
0.18012
0.25118
0.34254
0.43767
0.51978
0.57831
0.61028
0.61754
0.60459
0.57924
0.55325
0.53836
0.53898
0.54833
0.55153
0.53286
0.48323
0.40627
0.32007
0.25028
0.21626
0.21991
0.24525
0.26724
0.26299
0.22131
0.14865
0.067014
0.002002
-0.03201
-0.037351
-0.026589
-0.013355
-0.0080911
-0.016422
-0.036931
-0.062104
-0.084964
-0.10417
-0.12013
-0.1275
-0.11571
-0.078951
-0.024475
0.029267
0.061309
0.056605
0.01181
-0.061998
-0.14303
-0.20985
-0.25178
-0.26973
-0.26996
-0.26062
-0.2522
-0.25439
-0.26888
-0.28744
-0.29883
-0.29551
-0.27392
-0.23276
-0.17427
-0.10465
-0.030289
0.045533
0.12021
0.18655
0.23122
0.23902
0.20032
0.11945
0.020013
-0.059077
-0.080415
-0.030221
0.070384
0.17533
0.23824
0.2345
0.16878
0.068961
-0.027018
-0.085816
-0.09107
-0.048988
0.015509
0.069864
0.086776
0.054419
-0.018365
-0.10398
-0.16671
-0.1791
-0.13508
-0.050973
0.045031
0.12606
0.17479
0.18666
0.16966
0.13896
0.10711
0.07734
0.046804
0.01545
-0.0093402
-0.015153
0.010555
0.075283
0.17534
0.2927
0.40155
0.48154
0.52579
0.5371
0.51988
0.4761
0.40503
0.30418
0.17456
0.030435
-0.095834
-0.16417
-0.14806
-0.051132
0.091142
0.22382
0.29369
0.27359
0.17871
0.061848
-0.013484
-0.0055359
0.086912
0.22599
0.35136
0.40513
0.35716
0.21912
0.038409
-0.12434
-0.22067
-0.23105
-0.16894
-0.073156
0.0086222
0.038762
0.0029277
-0.08715
-0.2012
-0.30434
-0.37079
-0.39059
-0.36772
-0.31442
-0.24617
-0.17761
-0.11946
-0.078115
-0.056875
-0.054497
-0.061244
-0.059354
-0.031333
0.030129
0.11843
0.21584
0.29881
0.34524
0.34405
0.3025
0.24389
0.19525
0.17446
0.18541
0.22068
0.26569
0.30314
0.31976
0.31229
0.28651
0.2505
0.21053
0.17213
0.13987
0.11229
0.079789
0.031519
-0.035235
-0.11293
-0.1878
-0.24294
-0.26175
-0.237
-0.18087
-0.12308
-0.096435
-0.12274
-0.20693
-0.33444
-0.47039
-0.56915
-0.5954
-0.54135
-0.42715
-0.28899
-0.16606
-0.087808
-0.061618
-0.068456
-0.073311
-0.044041
0.03384
0.15174
0.28081
0.38238
0.42438
0.39595
0.31146
0.2022
0.10211
0.035636
0.013208
0.034331
0.092832
0.17877
0.27733
0.36954
0.43699
0.46794
0.46178
0.42964
0.38982
0.35876
0.34377
0.3426
0.34777
0.34962
0.33767
0.30424
0.25013
0.18692
0.13305
0.10659
0.11759
0.1609
0.2136
0.24291
0.22314
0.15101
0.048989
-0.04504
-0.095648
-0.086868
-0.030477
0.039733
0.085768
0.085046
0.040108
-0.025311
-0.078765
-0.093711
-0.06269
-0.0048115
0.039149
0.025685
-0.06804
-0.23011
-0.41515
-0.55878
-0.60198
-0.51902
-0.33444
-0.11444
0.064592
0.1509
0.13795
0.065144
-0.00058605
0.0018899
0.095069
0.25212
0.41521
0.52648
0.5507
0.48337
0.34857
0.18887
0.04857
-0.042585
-0.077489
-0.070545
-0.05064
-0.049377
-0.086093
-0.15652
-0.23333
-0.28006
-0.27151
-0.20933
-0.12354
-0.058084
-0.048837
-0.1056
-0.20597
-0.30384
-0.35093
-0.32198
-0.22799
-0.10894
-0.012789
0.025387
-0.0041308
-0.083408
-0.17546
-0.24081
-0.25285
-0.20451
-0.10713
0.013561
0.12502
0.20046
0.23132
0.2296
0.21774
0.21417
0.22398
0.23821
0.24047
0.21767
0.16931
0.10873
0.055164
0.022976
0.015942
0.029168
0.055644
0.092627
0.14402
0.21673
0.3123
0.41919
0.51282
0.56563
0.56166
0.5059
0.42276
0.34591
0.30512
0.31513
0.3702
0.44691
0.5143
0.54555
0.5257
0.45518
0.35166
0.24775
0.17962
0.16814
0.20477
0.25376
0.26961
0.21951
0.10044
-0.056231
-0.1975
-0.27573
-0.27492
-0.21855
-0.15493
-0.13111
-0.17048
-0.26271
-0.36893
-0.44076
-0.4455
-0.38347
-0.28626
-0.19823
-0.15452
-0.16769
-0.22484
-0.29287
-0.33115
-0.30976
-0.22458
-0.10032
0.020261
0.094696
0.098946
0.038774
-0.051525
-0.1244
-0.14175
-0.093247
-0.00015578
0.097317
0.16155
0.17515
0.14554
0.096587
0.053746
0.031046
0.026548
0.028439
0.026051
0.015985
-0.0006563
-0.0242
-0.057782
-0.10323
-0.1565
-0.2067
-0.23895
-0.23917
-0.19993
-0.12552
-0.032727
0.055023
0.11735
0.14392
0.13578
0.10395
0.06723
0.046732
0.05572
0.091385
0.13617
0.16744
0.16776
0.13169
0.069949
0.0085774
-0.021222
0.00042367
0.070985
0.16805
0.26135
0.32486
0.345
0.32522
0.28483
0.24905
0.23505
0.2441
0.26463
0.2805
0.27791
0.25085
0.20618
0.16329
0.14476
0.16331
0.21496
0.28103
0.33539
0.35462
0.32975
0.27382
0.21808
0.19759
0.23387
0.32334
0.43663
0.53007
0.56476
0.52333
0.41592
0.27356
0.13362
0.02411
-0.046017
-0.08685
-0.11888
-0.16043
-0.21706
-0.27866
-0.32599
-0.34207
-0.32042
-0.26729
-0.19991
-0.14189
-0.11477
-0.12758
-0.17106
-0.22127
-0.25057
-0.24017
-0.1895
-0.11841
-0.059625
-0.043143
-0.081115
-0.1621
-0.25702
-0.332
-0.3621
-0.34165
-0.28693
-0.2281
-0.1937
-0.19666
-0.22904
-0.26646
-0.27942
-0.24687
-0.16674
-0.058159
0.045252
0.10883
0.11301
0.065216
-0.0017534
-0.047908
-0.049978
-0.0138
0.032701
0.058364
0.046444
0.003462
-0.042804
-0.056548
-0.013967
0.08203
0.20357
0.31388
0.38486
0.4068
0.38984
0.35796
0.336
0.33611
0.35373
0.37484
0.38518
0.37458
0.33953
0.28711
0.23477
0.20148
0.19678
0.2179
0.25492
0.29598
0.33033
0.3524
0.36461
0.37285
0.37764
0.37203
0.3487
0.30608
0.24772
0.18031
0.11406
0.05979
0.020103
-0.015587
-0.063952
-0.13442
-0.22182
-0.30826
-0.36899
-0.37979
-0.32685
-0.21614
-0.074213
0.063398
0.16885
0.23229
0.26148
0.2748
0.29151
0.32089
0.35487
0.37169
0.35038
0.28509
0.18872
0.086383
0.0054009
-0.034852
-0.032348
-0.0055851
0.014946
0.0029799
-0.050889
-0.13623
-0.22716
-0.29179
-0.30646
-0.2698
-0.20603
-0.1535
-0.14642
-0.20019
-0.30553
-0.43227
-0.543
-0.61145
-0.63485
-0.63132
-0.62425
-0.62499
-0.62574
-0.60609
-0.54711
-0.44298
-0.30412
-0.15193
-0.0088141
0.111
0.20472
0.27748
0.33667
0.38775
0.43158
0.46308
0.47361
0.45687
0.41399
0.35445
0.29419
0.25158
0.24026
0.26139
0.30171
0.33978
0.35612
0.34232
0.30676
0.27398
0.27419
0.32592
0.42307
0.53572
0.62406
0.65608
0.61984
0.52646
0.40426
0.28695
0.20046
0.15332
0.13485
0.12201
0.091666
0.032757
-0.046659
-0.12015
-0.15265
-0.11728
-0.011857
0.13553
0.2771
0.3667
0.37951
0.32042
0.21822
0.10988
0.022742
-0.036716
-0.08228
-0.13662
-0.21531
-0.3145
-0.40893
-0.46199
-0.44383
-0.34887
-0.20291
-0.055086
0.042882
0.060224
0.0021624
-0.092158
-0.16946
-0.18988
-0.14611
-0.063787
0.014263
0.049341
0.024207
-0.049994
-0.14032
-0.20869
-0.22895
-0.19586
-0.12477
-0.044435
0.015011
0.035763
0.021012
-0.0075744
-0.022496
-0.0050813
0.046126
0.11623
0.18225
0.22469
0.23626
0.22262
0.19508
0.1614
0.12093
0.066301
-0.0096343
-0.1051
-0.20491
-0.28525
-0.32564
-0.32022
-0.28116
-0.23246
-0.19661
-0.18121
-0.17432
-0.15167
-0.090615
0.016328
0.15356
0.28484
0.36917
0.38357
0.33674
0.26369
0.20646
0.19402
0.23025
0.29329
0.34672
0.35875
0.31919
0.24488
0.17159
0.13766
0.16636
0.25356
0.36767
0.46407
0.50694
0.4845
0.40988
0.31134
0.2196
0.15614
0.1255
0.1159
0.10929
0.092861
0.063751
0.027136
-0.0073002
-0.029423
-0.033987
-0.023624
-0.005393
0.015543
0.037527
0.058477
0.072833
0.073293
0.05493
0.01834
-0.029043
-0.074156
-0.10307
-0.10774
-0.090763
-0.064525
-0.044464
-0.039646
-0.047607
-0.058623
-0.066074
-0.072899
-0.088206
-0.11777
-0.15637
-0.18756
-0.19205
-0.16083
-0.10402
-0.047747
-0.019799
-0.033116
-0.077172
-0.12309
-0.1402
-0.11359
-0.051545
0.019055
0.064346
0.058373
-0.0011668
-0.085513
-0.14652
-0.14395
-0.069238
0.049834
0.16342
0.22265
0.20228
0.11421
0.0034642
-0.073778
-0.078175
-0.0051418
0.11504
0.23212
0.29818
0.28848
0.21238
0.10822
0.024083
-0.0054485
0.026279
0.098891
0.17803
0.2315
0.24108
0.20753
0.14859
0.090458
0.055922
0.054828
0.081523
0.11922
0.14846
0.15638
0.14263
0.11836
0.098205
0.091204
0.096528
0.10624
0.1123
0.11269
0.11188
0.11551
0.12459
0.13495
0.1408
0.13771
0.12286
0.094946
0.055138
0.0075172
-0.041134
-0.081055
-0.1002
-0.089333
-0.049865
0.00349
0.05002
0.074541
0.073811
0.055796
0.035835
0.030858
0.050292
0.088056
0.1244
0.13802
0.11735
0.062396
-0.018899
-0.11218
-0.19699
-0.25194
-0.26343
-0.23048
-0.16345
-0.08114
-0.0075978
0.035309
0.03891
0.01334
-0.018338
-0.032185
-0.012738
0.04224
0.11959
0.19313
0.23353
0.22203
0.15934
0.065438
-0.027718
-0.087405
-0.092833
-0.044509
0.035556
0.1135
0.15759
0.15061
0.09791
0.027917
-0.018414
-0.0074855
0.06863
0.18724
0.3059
0.38172
0.38947
0.33122
0.23442
0.13954
0.083594
0.086758
0.1467
0.24082
0.33484
0.39497
0.4001
0.34922
0.2603
0.16094
0.076592
0.022587
0.0020704
0.0073292
0.023752
0.036769
0.038561
0.028949
0.010493
-0.015875
-0.050806
-0.094724
-0.14685
-0.20375
-0.2578
-0.29915
-0.3217
-0.32641
-0.31849
-0.30303
-0.28504
-0.27068
-0.26443
-0.26413
-0.26201
-0.25207
-0.23517
-0.21588
-0.1964
-0.17513
-0.14949
-0.11783
-0.079974
-0.039173
-0.003439
0.018512
0.024869
0.024236
0.031528
0.060563
0.1185
0.20281
0.30008
0.38868
0.44702
0.46359
0.44164
0.39544
0.34293
0.3002
0.27822
0.28026
0.30175
0.33411
0.36965
0.403
0.42934
0.44288
0.43712
0.40694
0.35191
0.27876
0.19981
0.12845
0.074792
0.042449
0.025692
0.0098037
-0.02192
-0.07767
-0.15082
-0.22165
-0.26551
-0.26403
-0.21479
-0.13318
-0.044902
0.024992
0.059478
0.052271
0.0080486
-0.059195
-0.13019
-0.18624
-0.21548
-0.21702
-0.19999
-0.17661
-0.15408
-0.13128
-0.10125
-0.056275
0.0075999
0.087638
0.17384
0.2517
0.30749
0.33319
0.32803
0.29671
0.24748
0.19129
0.13998
0.10246
0.082225
0.078221
0.086406
0.099494
0.10764
0.10268
0.082738
0.052628
0.0207
-0.0046599
-0.017922
-0.018835
-0.01273
-0.0072794
-0.0070369
-0.0089115
-0.0019643
0.026426
0.080289
0.14746
0.20061
0.20729
0.14515
0.015538
-0.15267
-0.31379
-0.42477
-0.46137
-0.42447
-0.33733
-0.23636
-0.15688
-0.11972
-0.12569
-0.15899
-0.1945
-0.20579
-0.17407
-0.096475
0.010937
0.1184
0.1937
0.21479
0.17881
0.10385
0.02256
-0.030178
-0.030159
0.027964
0.13037
0.25029
0.3571
0.42625
0.44843
0.43397
0.40722
0.39317
0.40554
0.44346
0.49552
0.54608
0.58139
0.59377
0.58205
0.54907
0.49893
0.43422
0.35313
0.25004
0.12228
-0.022427
-0.16637
-0.28952
-0.37619
-0.4176
-0.41346
-0.37309
-0.31231
-0.24676
-0.18771
-0.14231
-0.1134
-0.097063
-0.083709
-0.065805
-0.045212
-0.032321
-0.039219
-0.074205
-0.1387
-0.22341
-0.30649
-0.36029
-0.36448
-0.3148
-0.22106
-0.10065
0.024814
0.1309
0.19602
0.21043
0.18072
0.12616
0.071537
0.040912
0.050228
0.097881
0.16141
0.20836
0.21502
0.17756
0.11035
0.038112
-0.01334
-0.029126
-0.014607
0.0091471
0.022536
0.020601
0.011864
0.010622
0.032178
0.087859
0.17547
0.27312
0.34626
0.36392
0.31247
0.20262
0.070266
-0.032363
-0.058523
0.0079086
0.14201
0.28952
0.39079
0.40258
0.31196
0.14195
-0.053713
-0.20913
-0.27162
-0.22074
-0.073393
0.12238
0.30142
0.40344
0.39767
0.29598
0.14447
-0.00052924
-0.096657
-0.12923
-0.11222
-0.077916
-0.059876
-0.076684
-0.12466
-0.18218
-0.22136
-0.21998
-0.16889
-0.075229
0.038037
0.13896
0.20005
0.21072
0.17978
0.12842
0.080869
0.056788
0.06464
0.0985
0.14235
0.17933
0.19794
0.19192
0.15907
0.1032
0.036634
-0.021292
-0.050514
-0.038721
0.011428
0.080059
0.13594
0.14999
0.11028
0.029396
-0.061788
-0.13053
-0.15786
-0.14446
-0.10649
-0.066277
-0.042125
-0.040856
-0.056926
-0.07844
-0.094657
-0.099795
-0.09342
-0.0799
-0.066998
-0.063124
-0.07468
-0.10415
-0.14773
-0.19356
-0.22426
-0.22427
-0.18735
-0.11987
-0.039415
0.03111
0.073675
0.085124
0.078626
0.074248
0.086777
0.12018
0.16906
0.22191
0.26478
0.28709
0.28655
0.26845
0.24069
0.21166
0.19109
0.1874
0.20068
0.22028
0.23204
0.22802
0.21037
0.18935
0.17942
0.1928
0.23056
0.27837
0.31396
0.32268
0.30816
0.28947
0.28782
0.3127
0.35593
0.39504
0.40353
0.36366
0.2764
0.16249
0.052594
-0.027048
-0.064134
-0.062215
-0.038414
-0.018431
-0.026435
-0.071875
-0.14273
-0.21211
-0.25306
-0.25026
-0.20429
-0.13094
-0.056223
-0.0053074
0.0089077
-0.01191
-0.058528
-0.12026
-0.18561
-0.24289
-0.28325
-0.3006
-0.28822
-0.24085
-0.1638
-0.077115
-0.0066943
0.029629
0.028958
0.0022194
-0.030399
-0.047774
-0.039773
-0.014284
0.0087359
0.011075
-0.014512
-0.063864
-0.12457
-0.17985
-0.21493
-0.22406
-0.21153
-0.18562
-0.15224
-0.1138
-0.071035
-0.02334
0.031358
0.094074
0.16069
0.22135
0.26514
0.28555
0.28182
0.2569
0.21593
0.16603
0.1156
0.072885
0.046013
0.042715
0.066366
0.10986
0.15438
0.17747
0.16611
0.1263
0.08235
0.065653
0.098135
0.17888
0.2814
0.36456
0.39325
0.35774
0.27846
0.19269
0.13358
0.11546
0.13061
0.15448
0.15745
0.12083
0.048473
-0.035732
-0.10181
-0.1263
-0.097175
-0.015878
0.10085
0.22437
0.32517
0.38421
0.39712
0.37313
0.33256
0.3007
0.29568
0.31746
0.34749
0.35903
0.32948
0.24917
0.12764
-0.0046831
-0.10531
-0.1396
-0.10002
-0.011661
0.079248
0.1262
0.10282
0.015318
-0.098676
-0.18665
-0.20784
-0.15659
-0.068556
-0.0047888
-0.02121
-0.13915
-0.33117
-0.52948
-0.65528
-0.65673
-0.5352
-0.34256
-0.15124
-0.018197
0.034982
0.021081
-0.026006
-0.068691
-0.082829
-0.067278
-0.039123
-0.019216
-0.021183
-0.04948
-0.10047
-0.16221
-0.21692
-0.24837
-0.24817
-0.21619
-0.15837
-0.086012
-0.014114
0.044458
0.084769
0.10977
0.12521
0.13507
0.14045
0.14051
0.13492
0.12736
0.12677
0.14282
0.1784
0.22613
0.27201
0.30247
0.31047
0.29854
0.27713
0.25817
0.24807
0.24584
0.24698
0.24879
0.2526
0.26269
0.28321
0.31529
0.35534
0.39475
0.42073
0.41973
0.38423
0.32009
0.24728
0.19001
0.16223
0.15908
0.15994
0.13989
0.083046
-0.0077271
-0.11037
-0.19437
-0.23615
-0.22804
-0.17695
-0.098966
-0.015271
0.052067
0.08676
0.083712
0.049308
-0.0016604
-0.049631
-0.076067
-0.072245
-0.045082
-0.013489
0.0026254
-0.0071487
-0.038611
-0.074408
-0.092768
-0.080721
-0.042885
0.001484
0.030419
0.03151
0.008775
-0.01831
-0.025339
0.00061607
0.050606
0.099244
0.12178
0.10901
0.070884
0.029731
0.0079507
0.015847
0.046221
0.080014
0.099164
0.096709
0.077572
0.052271
0.030152
0.015685
0.0072216
-0.0021513
-0.020292
-0.049395
-0.082599
-0.1077
-0.1148
-0.10156
-0.073992
-0.044577
-0.027919
-0.033758
-0.060664
-0.09603
-0.12306
-0.12898
-0.10895
-0.065875
-0.00927
0.046624
0.087523
0.10596
0.10542
0.098169
0.098328
0.11461
0.14566
0.17929
0.19682
0.182
0.13049
0.054723
-0.019375
-0.062861
-0.056951
-0.0022006
0.080948
0.16035
0.20556
0.20146
0.15588
0.095938
0.053733
0.049682
0.083639
0.13713
0.18332
0.19959
0.17805
0.12897
0.074369
0.035579
0.023363
0.036251
0.065669
0.10226
0.13907
0.17133
0.19546
0.20941
0.21396
0.21273
0.21009
0.20877
0.20826
0.20474
0.19259
0.16766
0.13036
0.085798
0.040765
0.00033711
-0.033297
-0.059779
-0.079003
-0.090316
-0.09271
-0.085304
-0.067155
-0.036411
0.0094277
0.070501
0.1402
0.20361
0.24203
0.24178
0.202
0.13595
0.065087
0.0092221
-0.022283
-0.034106
-0.041372
-0.06029
-0.098108
-0.14852
-0.19511
-0.21976
-0.21071
-0.16698
-0.099227
-0.026803
0.029614
0.057388
0.056963
0.038745
0.015985
0.00019191
-0.0010308
0.012445
0.031009
0.041188
0.036828
0.023282
0.010681
0.0067141
0.016241
0.041438
0.077241
0.10962
0.12346
0.11246
0.080507
0.037005
-0.0059001
-0.035015
-0.041681
-0.027561
-0.0027304
0.022883
0.045733
0.06801
0.09325
0.1221
0.14975
0.16688
0.16522
0.14417
0.11237
0.082176
0.061601
0.049739
0.038761
0.020838
-0.0047115
-0.028895
-0.037089
-0.017574
0.030476
0.094826
0.15549
0.19399
0.2015
0.18302
0.15616
0.14253
0.15448
0.18644
0.21832
0.22745
0.19943
0.1337
0.045253
-0.038779
-0.089852
-0.091817
-0.048237
0.020496
0.085694
0.12017
0.10882
0.05714
-0.009583
-0.059317
-0.070484
-0.041716
0.010214
0.060189
0.086421
0.079926
0.048351
0.011587
-0.0091055
-0.001977
0.030541
0.074443
0.11088
0.12392
0.10771
0.070705
0.033635
0.020611
0.047582
0.11435
0.20364
0.287
0.33512
0.32926
0.26927
0.17429
0.074997
0.00058762
-0.033387
-0.030096
-0.0074942
0.011061
0.006851
-0.026301
-0.078962
-0.13121
-0.16448
-0.17107
-0.15401
-0.1204
-0.077361
-0.032309
0.0072486
0.035675
0.049048
0.043055
0.014585
-0.032377
-0.084152
-0.12274
-0.13408
-0.1128
-0.064184
-0.0048581
0.041473
0.056306
0.03923
0.0097639
-0.0039067
0.019864
0.085979
0.17968
0.27094
0.32645
0.32545
0.26984
0.18229
0.094792
0.03514
0.016706
0.033978
0.065973
0.086958
0.07925
0.041413
-0.011693
-0.056479
-0.072421
-0.052233
-0.004703
0.050578
0.092218
0.10559
0.089341
0.057027
0.030378
0.027177
0.053364
0.10392
0.16667
0.22388
0.2557
0.24911
0.20554
0.13918
0.069581
0.016271
-0.0051262
0.01017
0.050935
0.095247
0.12348
0.12697
0.10803
0.076929
0.048633
0.036012
0.041328
0.054415
0.060368
0.049093
0.019321
-0.022432
-0.064881
-0.096583
-0.11117
-0.10947
-0.0969
-0.079439
-0.061527
-0.045491
-0.030866
-0.014435
0.0080195
0.039659
0.081505
0.13113
0.18066
0.21704
0.2274
0.20612
0.15819
0.097105
0.040359
0.0045236
-7.2122e-05
0.026177
0.071824
0.11916
0.15089
0.1554
0.13054
0.086093
0.042222
0.020712
0.032378
0.069452
0.10935
0.12725
0.10882
0.056819
-0.010353
-0.06708
-0.093143
-0.084046
-0.052092
-0.018203
-0.0017345
-0.014197
-0.056581
-0.11855
-0.18093
-0.22261
-0.22863
-0.19543
-0.13191
-0.056578
0.0091292
0.05005
0.064266
0.063336
0.065575
0.086294
0.12979
0.18655
0.23713
0.26119
0.24735
0.19843
0.1301
0.064578
0.022425
0.014633
0.037933
0.076447
0.10957
0.12122
0.10539
0.067488
0.022299
-0.011592
-0.020396
-0.0019617
0.033853
0.070462
0.091457
0.087353
0.061125
0.028266
0.0083505
0.013732
0.045145
0.095908
0.15715
0.21864
0.26799
0.29223
0.28179
0.23528
0.16342
0.08884
0.037547
0.025443
0.049764
0.092468
0.13193
0.15355
0.15358
0.13719
0.11447
0.096523
0.091615
0.10204
0.12255
0.14083
0.14029
0.10566
0.031129
-0.072878
-0.18036
-0.25938
-0.28592
-0.25449
-0.18033
-0.092736
-0.02213
0.013414
0.015356
0.0011332
-0.008007
0.00037753
0.024783
0.053567
0.073111
0.075195
0.060984
0.040549
0.027946
0.034442
0.063798
0.11092
0.16236
0.19861
0.20028
0.1576
0.077582
-0.017039
-0.096728
-0.13685
-0.12708
-0.075026
-0.0024715
0.064689
0.10701
0.11693
0.098086
0.0616
0.022085
-0.0065009
-0.015891
-0.008342
0.0020306
-0.0053318
-0.04591
-0.11854
-0.2014
-0.25916
-0.25925
-0.18964
-0.067356
0.069103
0.17876
0.23525
0.23334
0.18677
0.12123
0.062696
0.024813
0.0050833
-0.0063311
-0.015373
-0.021293
-0.020232
-0.0077827
0.018874
0.056103
0.091634
0.11176
0.11187
0.098193
0.080841
0.068965
0.071622
0.096248
0.14132
0.19221
0.22806
0.23405
0.2086
0.1629
0.11655
0.090631
0.097573
0.13326
0.17927
0.21482
0.22842
0.22073
0.20023
0.17825
0.16613
0.17212
0.19683
0.23057
0.25679
0.26042
0.23519
0.18636
0.12918
0.08392
0.066733
0.080102
0.11032
0.13491
0.13385
0.097722
0.031695
-0.044637
-0.10403
-0.12395
-0.097291
-0.035122
0.037905
0.093335
0.11183
0.093381
0.056281
0.02429
0.012262
0.020231
0.036053
0.04151
0.020337
-0.031759
-0.10037
-0.15704
-0.17435
-0.13956
-0.058045
0.049076
0.1467
0.19288
0.15791
0.044413
-0.11178
-0.26101
-0.36157
-0.39266
-0.36137
-0.3014
-0.25413
-0.24055
-0.25062
-0.26026
-0.25406
-0.23207
-0.20443
-0.18635
-0.19128
-0.21885
-0.24965
-0.25717
-0.22611
-0.15912
-0.071351
0.016659
0.086135
0.1293
0.15317
0.17075
0.18932
0.20939
0.23129
0.25697
0.28656
0.3174
0.34561
0.36544
0.369
0.35017
0.30835
0.24757
0.17521
0.10451
0.054936
0.04508
0.083895
0.16837
0.28628
0.41793
0.53645
0.61098
0.61566
0.54233
0.41019
0.26269
0.14899
0.10012
0.11479
0.16151
0.19496
0.1803
0.1141
0.027219
-0.034067
-0.035563
0.026466
0.12344
0.20748
0.23478
0.18947
0.09316
-0.0075802
-0.066358
-0.057999
0.013914
0.12161
0.22484
0.28526
0.27904
0.20466
0.084933
-0.038451
-0.11966
-0.13021
-0.075985
0.0026272
0.050471
0.027085
-0.070387
-0.20373
-0.31216
-0.34302
-0.27779
-0.13918
0.022117
0.14987
0.20075
0.1552
0.023841
-0.15269
-0.31821
-0.42694
-0.46274
-0.43827
-0.38036
-0.31686
-0.2695
-0.24993
-0.25993
-0.2958
-0.34929
-0.40058
-0.4152
-0.35842
-0.21993
-0.02562
0.17351
0.32393
0.38798
0.35325
0.23447
0.068148
-0.099141
-0.22413
-0.27637
-0.24287
-0.13092
0.030407
0.19537
0.3175
0.36972
0.35437
0.29667
0.22973
0.18192
0.1684
0.18587
0.21554
0.23647
0.23964
0.23088
0.22406
0.2332
0.26543
0.31423
0.36008
0.38276
0.37385
0.33684
0.28105
0.22094
0.17606
0.16162
0.17793
0.21301
0.25252
0.28232
0.28779
0.26257
0.21862
0.17954
0.16195
0.16701
0.18598
0.20414
0.2005
0.15606
0.069603
-0.037592
-0.13476
-0.19711
-0.21123
-0.17498
-0.098647
-0.0048771
0.076988
0.12033
0.11075
0.052843
-0.02908
-0.099269
-0.12542
-0.093514
-0.015682
0.073585
0.13307
0.13493
0.077393
-0.016721
-0.11213
-0.17562
-0.18753
-0.14819
-0.077083
-0.0046502
0.039868
0.038908
-0.0081463
-0.085349
-0.16562
-0.22033
-0.23066
-0.19573
-0.13234
-0.065641
-0.01688
0.0034648
-0.0044588
-0.032981
-0.070106
-0.10309
-0.12139
-0.11735
-0.087177
-0.035529
0.020753
0.05811
0.059213
0.022188
-0.039661
-0.10301
-0.14121
-0.13458
-0.081426
0.00053853
0.085064
0.14961
0.17993
0.17118
0.13103
0.079677
0.040925
0.031054
0.055421
0.11071
0.18492
0.25735
0.3062
0.3203
0.30266
0.26387
0.2154
0.16852
0.13385
0.11876
0.12615
0.15499
0.19832
0.23997
0.2583
0.23803
0.18032
0.10276
0.03137
-0.0096211
-0.007452
0.032747
0.089591
0.13646
0.15505
0.14192
0.1054
0.058132
0.011272
-0.029203
-0.0643
-0.099418
-0.13659
-0.16867
-0.18276
-0.16866
-0.12265
-0.046559
0.049585
0.14362
0.20749
0.22388
0.19645
0.14376
0.087191
0.045179
0.030595
0.044792
0.07463
0.10087
0.1112
0.10455
0.086757
0.06743
0.059739
0.07488
0.1108
0.148
0.16101
0.13585
0.076997
0.0010484
-0.07218
-0.12421
-0.14219
-0.1257
-0.089258
-0.054714
-0.039838
-0.052073
-0.087612
-0.13166
-0.16224
-0.16144
-0.12751
-0.075805
-0.026868
0.0069171
0.025646
0.037466
0.051835
0.074625
0.10571
0.13921
0.16683
0.18236
0.18411
0.1734
0.15182
0.12069
0.083364
0.047385
0.022998
0.018044
0.032863
0.059806
0.088181
0.11069
0.12655
0.13997
0.15546
0.1728
0.18491
0.18158
0.15701
0.11468
0.065253
0.02024
-0.013001
-0.032524
-0.040713
-0.042118
-0.04066
-0.03738
-0.030223
-0.015919
0.007191
0.036443
0.063545
0.076692
0.066566
0.032753
-0.014415
-0.057915
-0.081021
-0.074085
-0.039326
0.0089219
0.050314
0.067776
0.053968
0.013265
-0.038204
-0.075246
-0.07321
-0.022794
0.060581
0.14172
0.18241
0.15965
0.076719
-0.03681
-0.13713
-0.18665
-0.17206
-0.10794
-0.02444
0.049982
0.098963
0.11993
0.12184
0.12045
0.13011
0.15521
0.18848
0.21698
0.22938
0.21994
0.19121
0.15549
0.12977
0.12433
0.13596
0.15323
0.16652
0.17191
0.16945
0.1618
0.15263
0.14138
0.11951
0.076157
0.0097627
-0.06646
-0.12986
-0.15835
-0.13922
-0.076089
0.0088145
0.083231
0.12208
0.1202
0.090498
0.052399
0.0222
0.0089945
0.01303
0.025869
0.034984
0.03129
0.013823
-0.01122
-0.034074
-0.044267
-0.033193
0.0019715
0.054799
0.11073
0.15335
0.17152
0.16318
0.13592
0.10436
0.08308
0.077794
0.082838
0.088645
0.091251
0.094324
0.10412
0.12357
0.1479
0.16304
0.15139
0.10427
0.030013
-0.051682
-0.12145
-0.1652
-0.17301
-0.14176
-0.081342
-0.014056
0.035232
0.049073
0.022193
-0.035895
-0.10089
-0.14311
-0.14512
-0.11345
-0.07284
-0.04899
-0.054597
-0.08583
-0.1265
-0.15578
-0.15754
-0.12789
-0.076559
-0.021545
0.018914
0.032816
0.018174
-0.016012
-0.052707
-0.074096
-0.070008
-0.041821
0.0012573
0.049861
0.098907
0.14593
0.18734
0.21732
0.23019
0.22408
0.20441
0.18476
0.18281
0.21221
0.27521
0.36047
0.44661
0.50926
0.52888
0.49734
0.42175
0.3239
0.2334
0.17576
0.16092
0.179
0.20563
0.21404
0.18852
0.13245
0.065428
0.010895
-0.017304
-0.0208
-0.013149
-0.010835
-0.024475
-0.054863
-0.095152
-0.13594
-0.16881
-0.18752
-0.18868
-0.17214
-0.14045
-0.098649
-0.055659
-0.024566
-0.018034
-0.040296
-0.08257
-0.12681
-0.15522
-0.15824
-0.13619
-0.096017
-0.04733
0.00049287
0.040574
0.069792
0.088383
0.098812
0.10503
0.11095
0.11704
0.11809
0.10625
0.078201
0.039661
0.0023946
-0.022826
-0.030999
-0.023284
-0.0055155
0.013625
0.025783
0.026711
0.017151
0.00014859
-0.020927
-0.04119
-0.05375
-0.053295
-0.039896
-0.017992
0.0071751
0.030624
0.047261
0.053889
0.051728
0.045157
0.038686
0.03737
0.048862
0.080185
0.12936
0.18154
0.21615
0.21926
0.19093
0.14414
0.098602
0.07163
0.068242
0.07783
0.08302
0.074048
0.055048
0.038518
0.036403
0.054704
0.090973
0.13414
0.16887
0.18271
0.1704
0.13404
0.08275
0.032179
8.6311e-05
-0.002082
0.024795
0.068622
0.1126
0.14289
0.15451
0.15291
0.14966
0.15482
0.17125
0.19383
0.21223
0.21516
0.19484
0.15049
0.089239
0.025018
-0.023332
-0.036396
-0.0035124
0.067007
0.1467
0.19928
0.19874
0.14149
0.046884
-0.051689
-0.12043
-0.13806
-0.10255
-0.029454
0.055184
0.12291
0.15025
0.12591
0.056213
-0.035818
-0.11982
-0.17156
-0.18288
-0.16344
-0.13445
-0.11787
-0.12584
-0.15552
-0.19207
-0.21693
-0.21662
-0.18815
-0.14008
-0.088519
-0.048884
-0.027957
-0.021648
-0.01975
-0.013492
-0.00068295
0.014129
0.024145
0.026623
0.026269
0.03232
0.051142
0.080663
0.11142
0.13292
0.13979
0.13438
0.12598
0.12803
0.15215
0.19992
0.25755
0.29939
0.30001
0.24841
0.15661
0.057753
-0.0067752
-0.0067212
0.06084
0.16844
0.27106
0.32745
0.31799
0.25143
0.15972
0.083653
0.053858
0.075968
0.12945
0.18116
0.20342
0.18554
0.1353
0.072824
0.01983
-0.011281
-0.021594
-0.02055
-0.017101
-0.015036
-0.014383
-0.014986
-0.018159
-0.025641
-0.037823
-0.053465
-0.070767
-0.087694
-0.1008
-0.10448
-0.092615
-0.062318
-0.017285
0.031714
0.0704
0.086988
0.077388
0.047356
0.010676
-0.016884
-0.02552
-0.015752
0.0038933
0.022496
0.031214
0.026944
0.015631
0.011048
0.026847
0.068252
0.13047
0.20173
0.26531
0.302
0.29764
0.25217
0.18111
0.10756
0.052374
0.02819
0.035953
0.063669
0.091368
0.10214
0.090236
0.059653
0.018356
-0.023654
-0.054622
-0.066374
-0.0615
-0.052198
-0.050312
-0.059604
-0.07631
-0.092289
-0.096279
-0.077778
-0.035648
0.017324
0.061328
0.081525
0.073769
0.043142
0.0020418
-0.031276
-0.038859
-0.013238
0.037139
0.092581
0.13209
0.14125
0.11704
0.071132
0.028371
0.015972
0.047819
0.11647
0.1988
0.26794
0.30231
0.29142
0.24064
0.17013
0.10401
0.056864
0.029655
0.015492
0.0062124
-0.0046838
-0.019309
-0.032362
-0.03307
-0.013316
0.025027
0.069688
0.10318
0.10949
0.080727
0.02227
-0.047965
-0.10801
-0.14325
-0.15267
-0.14674
-0.13989
-0.14311
-0.15975
-0.18448
-0.205
-0.20704
-0.18233
-0.1345
-0.077323
-0.026302
0.0088036
0.025418
0.02612
0.016815
0.0048332
-0.0034077
-0.0029633
0.010605
0.039686
0.080542
0.12309
0.15716
0.17828
0.18695
0.18496
0.17528
0.16385
0.15818
0.16355
0.18123
0.20884
0.24031
0.26673
0.28109
0.28411
0.2843
0.29145
0.31021
0.33873
0.37038
0.39548
0.40392
0.38964
0.35321
0.29953
0.23464
0.16645
0.10679
0.068914
0.060528
0.079124
0.11285
0.1448
0.15858
0.14457
0.10429
0.048725
-0.0086722
-0.058522
-0.096894
-0.12301
-0.13759
-0.14381
-0.14843
-0.15966
-0.18204
-0.21236
-0.24029
-0.25342
-0.24356
-0.21117
-0.1651
-0.1175
-0.077901
-0.051678
-0.042064
-0.050189
-0.071979
-0.097272
-0.11477
-0.11866
-0.11059
-0.096255
-0.081209
-0.069017
-0.061182
-0.057024
-0.053751
-0.047668
-0.035882
-0.01752
0.0048493
0.023582
0.027803
0.01101
-0.021739
-0.056268
-0.079956
-0.088945
-0.085986
-0.075531
-0.062598
-0.052645
-0.048862
-0.050309
-0.054047
-0.057277
-0.056015
-0.044582
-0.020058
0.013203
0.045854
0.070283
0.084106
0.08913
0.09048
0.096905
0.11835
0.16015
0.21863
0.28155
0.33257
0.35758
0.35148
0.32167
0.28515
0.26
0.25695
0.27561
0.30608
0.33398
0.34648
0.33678
0.30605
0.26277
0.22031
0.19295
0.1905
0.21324
0.24993
0.28107
0.28708
0.2578
0.1986
0.12906
0.074155
0.052423
0.068005
0.11075
0.16293
0.20754
0.23352
0.23694
0.21957
0.18712
0.14763
0.10877
0.074501
0.043277
0.0099797
-0.029444
-0.073656
-0.11496
-0.14287
-0.15044
-0.13919
-0.11893
-0.10265
-0.099976
-0.11304
-0.13622
-0.15937
-0.1731
-0.17375
-0.16549
-0.15805
-0.16124
-0.17947
-0.20935
-0.24091
-0.26164
-0.26186
-0.23954
-0.20153
-0.16045
-0.12898
-0.11484
-0.11788
-0.13042
-0.14119
-0.14157
-0.12978
-0.10965
-0.086075
-0.061684
-0.037049
-0.013008
0.0073559
0.018867
0.017472
0.0050408
-0.008718
-0.010629
0.0078177
0.045076
0.090255
0.12794
0.14448
0.13441
0.10386
0.067138
0.038496
0.026314
0.032791
0.055319
0.087034
0.11931
0.14683
0.17003
0.19202
0.21418
0.23537
0.25307
0.2638
0.26426
0.25499
0.2424
0.2349
0.23594
0.24188
0.24679
0.24784
0.24576
0.24278
0.24199
0.24697
0.25907
0.27459
0.28654
0.28964
0.28262
0.26618
0.24127
0.20993
0.17521
0.13861
0.099228
0.057607
0.01929
-0.0078101
-0.019365
-0.01656
-0.0033129
0.015579
0.033736
0.044149
0.0428
0.030309
0.0099001
-0.013869
-0.033801
-0.041214
-0.032176
-0.012541
0.004781
0.0077022
-0.0089528
-0.041224
-0.076462
-0.097615
-0.091921
-0.058509
-0.0083079
0.042642
0.079636
0.09236
0.076878
0.037598
-0.013407
-0.060919
-0.092234
-0.10125
-0.090658
-0.071638
-0.059227
-0.064457
-0.088429
-0.12267
-0.15459
-0.17324
-0.17273
-0.15364
-0.12313
-0.093009
-0.075036
-0.075374
-0.091653
-0.11445
-0.13191
-0.13482
-0.12014
-0.091487
-0.056181
-0.020361
0.014307
0.049648
0.086902
0.12357
0.15376
0.17107
0.17182
0.15746
0.13533
0.11632
0.10953
0.11747
0.13548
0.15549
0.17039
0.17651
0.17433
0.16786
0.16234
0.16123
0.1644
0.16878
0.17053
0.16671
0.15628
0.14078
0.12426
0.11188
0.10778
0.1134
0.12708
0.1441
0.15755
0.16096
0.15154
0.13141
0.10581
0.080769
0.062148
0.054687
0.059786
0.074147
0.091344
0.10485
0.11005
0.10543
0.09358
0.080468
0.071817
0.069627
0.072254
0.076854
0.080609
0.080524
0.074327
0.062188
0.046448
0.029478
0.012861
-0.001475
-0.011076
-0.014482
-0.011932
-0.0045634
0.0055127
0.014192
0.016513
0.01031
-0.0017735
-0.014288
-0.022298
-0.023151
-0.017381
-0.0094205
-0.0059384
-0.011031
-0.022388
-0.0327
-0.034627
-0.024348
-0.0023682
0.026216
0.051944
0.064043
0.05562
0.026887
-0.015313
-0.059588
-0.092742
-0.10462
-0.093589
-0.067804
-0.040307
-0.022361
-0.019368
-0.029686
-0.045367
-0.05527
-0.049953
-0.025551
0.015051
0.062856
0.10477
0.12792
0.12544
0.099989
0.062356
0.026612
0.0048012
0.0030781
0.020064
0.048368
0.07909
0.10642
0.12896
0.14767
0.16371
0.17813
0.19193
0.20546
0.21804
0.22866
0.23592
0.23657
0.22576
0.20111
0.16742
0.13614
0.11925
0.12244
0.14237
0.16822
0.18655
0.18811
0.17299
0.14977
0.12842
0.113
0.10079
0.086762
0.067535
0.042183
0.01243
-0.016512
-0.037011
-0.043192
-0.035054
-0.019437
-0.0081243
-0.01397
-0.044684
-0.096238
-0.15168
-0.18887
-0.19302
-0.16526
-0.12216
-0.087018
-0.077556
-0.096033
-0.12763
-0.14876
-0.14027
-0.097354
-0.031249
0.036345
0.082607
0.093152
0.068207
0.02256
-0.0207
-0.039842
-0.023861
0.022029
0.078182
0.12025
0.13189
0.11241
0.075389
0.040904
0.026809
0.042188
0.084395
0.14057
0.19301
0.2258
0.23008
0.20711
0.16828
0.13089
0.10996
0.11023
0.1238
0.13565
0.13311
0.11315
0.083677
0.059162
0.053126
0.07076
0.10553
0.14205
0.16348
0.1589
0.12729
0.077611
0.025618
-0.012192
-0.025468
-0.014015
0.013257
0.042996
0.062783
0.065609
0.052463
0.03136
0.012492
0.002662
0.0029823
0.010316
0.02003
0.028402
0.034245
0.038653
0.042506
0.044291
0.040956
0.030523
0.013393
-0.0078217
-0.028205
-0.040798
-0.039106
-0.020831
0.010209
0.044852
0.071278
0.079629
0.067659
0.04327
0.020514
0.011718
0.021779
0.047165
0.078108
0.10268
0.11234
0.10641
0.09194
0.078842
0.074286
0.079732
0.090985
0.10056
0.10204
0.094607
0.084165
0.07882
0.082313
0.091233
0.097949
0.09566
0.081608
0.057843
0.030338
0.0062427
-0.010125
-0.019747
-0.027532
-0.03838
-0.0539
-0.071419
-0.084857
-0.086995
-0.072946
-0.043445
-0.0055366
0.030297
0.05474
0.063191
0.056969
0.042379
0.027957
0.020505
0.021692
0.027648
0.032236
0.031735
0.027429
0.024188
0.026445
0.034936
0.046771
0.05834
0.068084
0.076717
0.085519
0.095428
0.10793
0.12526
0.14751
0.16936
0.18185
0.17924
0.16433
0.14692
0.13723
0.13901
0.14616
0.14622
0.13102
0.1057
0.084475
0.075859
0.074297
0.067324
0.048217
0.02013
-0.0087048
-0.030346
-0.039586
-0.035358
-0.020899
-0.0012837
0.018799
0.033442
0.033615
0.011775
-0.02908
-0.073136
-0.10139
-0.10394
-0.083278
-0.04947
-0.015144
0.0072325
0.0094787
-0.0075741
-0.034129
-0.05705
-0.066042
-0.056937
-0.032582
-0.0016999
0.024681
0.03795
0.035209
0.01963
-0.0019092
-0.021859
-0.032905
-0.027121
0.0023515
0.055836
0.12384
0.19101
0.24327
0.27096
0.26937
0.24155
0.20131
0.16926
0.16206
0.18377
0.22468
0.26582
0.28629
0.27291
0.22832
0.17
0.11965
0.091561
0.088103
0.10184
0.11966
0.12771
0.11763
0.091364
0.060013
0.036646
0.028206
0.03258
0.041872
0.047914
0.04585
0.03513
0.019006
0.0024984
-0.011077
-0.022584
-0.035999
-0.054817
-0.079319
-0.10603
-0.12825
-0.13756
-0.12771
-0.099964
-0.06479
-0.036585
-0.025044
-0.030392
-0.045253
-0.059512
-0.064207
-0.054196
-0.030054
0.0022363
0.034252
0.058212
0.068232
0.061167
0.038457
0.0070644
-0.022749
-0.041467
-0.043187
-0.026526
0.0052929
0.045128
0.084124
0.11474
0.13252
0.13571
0.124
0.098467
0.062981
0.025796
-0.0011955
-0.0068506
0.012477
0.04815
0.081042
0.090448
0.06502
0.0088884
-0.060057
-0.11766
-0.14281
-0.12533
-0.070152
0.0040394
0.071688
0.11004
0.10786
0.070287
0.017657
-0.02212
-0.025675
0.014893
0.087957
0.16688
0.2206
0.22646
0.1809
0.10275
0.025479
-0.01844
-0.0121
0.040145
0.11696
0.19032
0.23727
0.24909
0.23373
0.20994
0.19688
0.20589
0.23716
0.28041
0.31838
0.33355
0.31603
0.268
0.20251
0.13865
0.095571
0.085621
0.10829
0.1492
0.18623
0.19946
0.17937
0.12981
0.065179
0.003679
-0.040056
-0.059122
-0.054673
-0.03453
-0.011289
0.0010877
-0.0073144
-0.037319
-0.07947
-0.11797
-0.13771
-0.13069
-0.099041
-0.05403
-0.011869
0.012262
0.009611
-0.019856
-0.068722
-0.12489
-0.1743
-0.20432
-0.20807
-0.18734
-0.15119
-0.11146
-0.078199
-0.056849
-0.046724
-0.041633
-0.033862
-0.019811
-0.002699
0.0098963
0.010778
-0.0038269
-0.03323
-0.071682
-0.10882
-0.13291
-0.13569
-0.11519
-0.075348
-0.02418
0.02859
0.074566
0.10936
0.13253
0.14504
0.14723
0.13919
0.12177
0.096832
0.067266
0.037809
0.015156
0.0058155
0.012906
0.034615
0.065143
0.096702
0.12177
0.13605
0.14126
0.1446
0.15386
0.17163
0.19342
0.21061
0.21529
0.20434
0.18124
0.15511
0.13658
0.13291
0.14576
0.17212
0.20579
0.23794
0.25849
0.25978
0.24066
0.208
0.1746
0.15431
0.15584
0.17814
0.21012
0.23581
0.24173
0.22235
0.18161
0.13132
0.087236
0.063285
0.065668
0.089782
0.12175
0.14354
0.13946
0.10261
0.039189
-0.032574
-0.090233
-0.11768
-0.11207
-0.083708
-0.050364
-0.029255
-0.029807
-0.05038
-0.080783
-0.1087
-0.12556
-0.12885
-0.12144
-0.10972
-0.10099
-0.10047
-0.10932
-0.12503
-0.14343
-0.16017
-0.17075
-0.1706
-0.15626
-0.12733
-0.087879
-0.046526
-0.014674
-0.0024737
-0.013822
-0.043337
-0.077659
-0.10065
-0.099988
-0.072277
-0.024956
0.025911
0.061239
0.066237
0.036982
-0.016581
-0.073474
-0.11007
-0.11029
-0.072575
-0.010308
0.054319
0.10025
0.11705
0.10936
0.094011
0.091209
0.11446
0.16402
0.22625
0.27866
0.299
0.27541
0.21309
0.1338
0.067476
0.039918
0.061844
0.12381
0.1998
0.25869
0.27805
0.2534
0.19901
0.14083
0.10462
0.10447
0.13781
0.18952
0.2409
0.27709
0.29028
0.28026
0.25299
0.2169
0.17899
0.14365
0.11381
0.091742
0.078795
0.076203
0.086008
0.1088
0.13899
0.16371
0.16851
0.14519
0.095735
0.031631
-0.029567
-0.070413
-0.082073
-0.069847
-0.050389
-0.042499
-0.058364
-0.099046
-0.15369
-0.20263
-0.22564
-0.21227
-0.16737
-0.10783
-0.053737
-0.020258
-0.012869
-0.026075
-0.046032
-0.057278
-0.050644
-0.027455
0.0021457
0.024577
0.028697
0.010676
-0.02328
-0.058581
-0.078912
-0.074267
-0.044998
-0.00012526
0.047377
0.08522
0.10518
0.10466
0.085992
0.054637
0.018199
-0.013931
-0.032604
-0.033135
-0.018776
4.2822e-05
0.01105
0.006989
-0.010202
-0.030215
-0.039136
-0.025195
0.016425
0.080564
0.15217
0.21074
0.23791
0.22472
0.17603
0.11008
0.051979
0.022276
0.027218
0.057621
0.095743
0.12342
0.12743
0.10369
0.060852
0.01946
0.0036437
0.029356
0.095729
0.18338
0.26042
0.29543
0.2727
0.20081
0.10827
0.02916
-0.011505
-0.0057991
0.036469
0.093082
0.13925
0.15826
0.14698
0.11347
0.070264
0.028994
-0.0024968
-0.022029
-0.033238
-0.042081
-0.051518
-0.059122
-0.059101
-0.045577
-0.014718
0.033446
0.093319
0.15449
0.20568
0.23887
0.25087
0.24335
0.22266
0.19799
0.17665
0.15946
0.14053
0.11161
0.067995
0.012588
-0.043357
-0.084225
-0.097924
-0.083067
-0.049806
-0.013719
0.01194
0.020425
0.011939
-0.007459
-0.028321
-0.042282
-0.046222
-0.042772
-0.037648
-0.036802
-0.043856
-0.056849
-0.066932
-0.063034
-0.040237
-0.0041268
0.032506
0.05651
0.05987
0.042879
0.014592
-0.011361
-0.024591
-0.023521
-0.01419
-0.0044538
0.0010801
0.0030017
0.0064178
0.017957
0.041195
0.073508
0.10716
0.13348
0.14642
0.14372
0.12669
0.099553
0.067768
0.036089
0.0077474
-0.014771
-0.028974
-0.033062
-0.027231
-0.013811
0.0040608
0.023685
0.042864
0.059556
0.072296
0.081037
0.087133
0.09234
0.097787
0.10328
0.10661
0.10344
0.089197
0.062418
0.027114
-0.0079172
-0.032252
-0.037641
-0.021008
0.014373
0.060166
0.10626
0.14422
0.16891
0.178
0.17091
0.14893
0.11666
0.082374
0.055843
0.044416
0.050033
0.06855
0.09117
0.10761
0.11024
0.097134
0.07218
0.042724
0.016999
0.0023199
0.003614
0.022331
0.056362
0.10069
0.14784
0.18833
0.21225
0.21273
0.1898
0.15232
0.116
0.096961
0.10339
0.12948
0.15628
0.16044
0.12619
0.054012
-0.03846
-0.12287
-0.17133
-0.1683
-0.11791
-0.042275
0.028509
0.06928
0.069689
0.037582
-0.005514
-0.035591
-0.038749
-0.017804
0.010715
0.026291
0.014584
-0.026537
-0.086261
-0.14476
-0.18055
-0.17884
-0.137
-0.064949
0.018766
0.092395
0.13724
0.14432
0.11869
0.077786
0.043768
0.033784
0.052816
0.091719
0.13145
0.15217
0.14272
0.1055
0.054618
0.0091181
-0.014867
-0.0096161
0.022531
0.070243
0.11569
0.139
0.12523
0.071264
-0.011385
-0.099286
-0.16407
-0.18232
-0.14634
-0.070229
0.014779
0.074662
0.087651
0.051791
-0.015945
-0.08622
-0.12809
-0.12155
-0.065777
0.021973
0.11473
0.18549
0.21521
0.19882
0.14686
0.080468
0.022132
-0.011543
-0.012941
0.015725
0.063036
0.11225
0.1483
0.16389
0.16118
0.14912
0.13882
0.13903
0.15292
0.17683
0.20189
0.21822
0.22
0.20856
0.19155
0.17876
0.17708
0.18685
0.2014
0.21061
0.2074
0.19248
0.17358
0.15956
0.15452
0.15587
0.15622
0.14686
0.12144
0.079274
0.026337
-0.02703
-0.069971
-0.093547
-0.091707
-0.063259
-0.015063
0.03713
0.073193
0.076787
0.042459
-0.021695
-0.096479
-0.15843
-0.18894
-0.18178
-0.14486
-0.095558
-0.053101
-0.031487
-0.034865
-0.05608
-0.079803
-0.090125
-0.07884
-0.049411
-0.014817
0.0088306
0.00979
-0.013582
-0.051483
-0.086745
-0.10237
-0.088666
-0.046748
0.012642
0.074228
0.1245
0.15601
0.16812
0.1651
0.15341
0.13933
0.12762
0.1215
0.12293
0.13169
0.14386
0.15217
0.14939
0.13276
0.10564
0.075584
0.050425
0.034232
0.024677
0.013697
-0.0075523
-0.042014
-0.083292
-0.11811
-0.13267
-0.11913
-0.079448
-0.025322
0.026558
0.062138
0.076115
0.072603
0.06064
0.048546
0.04087
0.038419
0.039634
0.042282
0.045551
0.051596
0.064513
0.086932
0.11752
0.15174
0.18424
0.21076
0.22955
0.2426
0.25428
0.26674
0.27625
0.27515
0.25746
0.22298
0.17746
0.13074
0.093863
0.074878
0.075176
0.089818
0.11176
0.13546
0.15672
0.17106
0.17409
0.1637
0.14088
0.10895
0.073222
0.040962
0.019695
0.013595
0.02137
0.037181
0.052456
0.057193
0.042921
0.0081772
-0.037903
-0.078712
-0.098325
-0.088435
-0.050774
0.003662
0.057523
0.09305
0.099717
0.078591
0.039999
-0.0030985
-0.040798
-0.068298
-0.084837
-0.091016
-0.086414
-0.070018
-0.044004
-0.016997
-0.0017673
-0.0074217
-0.032417
-0.064547
-0.087638
-0.089546
-0.066994
-0.026394
0.018851
0.054121
0.070169
0.066721
0.051384
0.035631
0.029689
0.036762
0.049212
0.051692
0.031625
-0.011
-0.063003
-0.106
-0.12566
-0.11718
-0.086747
-0.048942
-0.020173
-0.010907
-0.021577
-0.043647
-0.063241
-0.065604
-0.041234
0.007585
0.065392
0.11099
0.12938
0.11937
0.092664
0.067124
0.058715
0.074697
0.11043
0.1519
0.18265
0.19096
0.17428
0.1408
0.10766
0.094225
0.1125
0.16016
0.2205
0.26926
0.28497
0.25868
0.19807
0.12349
0.058631
0.022177
0.023177
0.059205
0.11708
0.17777
0.22414
0.24629
0.24232
0.21685
0.17926
0.14047
0.10846
0.086662
0.076081
0.077309
0.08946
0.10856
0.12847
0.14329
0.14892
0.14375
0.12907
0.10809
0.083818
0.057945
0.032493
0.011829
0.0018803
0.0067318
0.025364
0.050555
0.070691
0.074774
0.058847
0.02919
-0.0007743
-0.01731
-0.011993
0.01548
0.05612
0.092833
0.10627
0.084113
0.027816
-0.047622
-0.11996
-0.16804
-0.17932
-0.15457
-0.10672
-0.05382
-0.011547
0.0096499
0.0044785
-0.025226
-0.067963
-0.10575
-0.12345
-0.1167
-0.092687
-0.065275
-0.047968
-0.046439
-0.054617
-0.059082
-0.049438
-0.025183
0.0056903
0.031631
0.041321
0.027934
-0.0054349
-0.044532
-0.070499
-0.069594
-0.039436
0.0096035
0.057169
0.081068
0.069453
0.028956
-0.018883
-0.050424
-0.051819
-0.02345
0.022187
0.06675
0.095486
0.10558
0.10606
0.10813
0.11526
0.12188
0.1196
0.10351
0.075588
0.045482
0.02737
0.031728
0.057095
0.089241
0.10895
0.10272
0.070189
0.025234
-0.0099238
-0.015408
0.016253
0.076353
0.1442
0.19635
0.21604
0.19898
0.15464
0.10401
0.073142
0.081725
0.131
0.20085
0.26108
0.28874
0.27842
0.24069
0.19378
0.15475
0.1332
0.12929
0.13696
0.14907
0.16059
0.16903
0.1745
0.17971
0.18793
0.19903
0.2069
0.20198
0.17778
0.13635
0.087871
0.044645
0.015665
0.0057684
0.017086
0.048137
0.091279
0.1333
0.1604
0.16363
0.14188
0.10257
0.059392
0.025272
0.0039606
-0.011766
-0.032392
-0.061996
-0.09549
-0.12306
-0.13625
-0.132
-0.1139
-0.089612
-0.065669
-0.044511
-0.026618
-0.013491
-0.0061106
-0.0012112
0.007745
0.024086
0.042999
0.053834
0.047433
0.022155
-0.015118
-0.05277
-0.081048
-0.097642
-0.10737
-0.11538
-0.12101
-0.11964
-0.10961
-0.094851
-0.080518
-0.068827
-0.059836
-0.053831
-0.050822
-0.048879
-0.045005
-0.037643
-0.027628
-0.017775
-0.013155
-0.020552
-0.044062
-0.079489
-0.11468
-0.13692
-0.13995
-0.12487
-0.098004
-0.069505
-0.05054
-0.047295
-0.056626
-0.068706
-0.073884
-0.066623
-0.045016
-0.010496
0.030518
0.067282
0.090195
0.096229
0.088825
0.074533
0.061721
0.060104
0.076436
0.10905
0.14884
0.18617
0.21525
0.23275
0.23717
0.23205
0.22763
0.23587
0.26259
0.30342
0.34527
0.3717
0.37056
0.34121
0.29649
0.25665
0.23874
0.2487
0.28036
0.31975
0.35082
0.36051
0.34305
0.30232
0.25077
0.20514
0.17975
0.17918
0.19461
0.20828
0.20451
0.17862
0.13759
0.094906
0.064704
0.056293
0.069296
0.093493
0.11566
0.12789
0.12969
0.12375
0.11207
0.09647
0.080522
0.068148
0.059628
0.050365
0.034561
0.0098046
-0.021206
-0.051035
-0.069422
-0.069164
-0.053974
-0.038976
-0.0396
-0.059017
-0.087265
-0.11119
-0.12324
-0.12241
-0.11116
-0.093185
-0.072238
-0.051432
-0.034429
-0.02729
-0.037096
-0.067284
-0.11523
-0.17519
-0.24222
-0.31177
-0.3757
-0.42068
-0.43236
-0.40355
-0.34071
-0.26346
-0.19651
-0.15886
-0.15677
-0.18344
-0.22392
-0.26202
-0.28604
-0.29168
-0.28143
-0.26191
-0.24043
-0.22198
-0.20746
-0.19394
-0.17636
-0.14961
-0.11106
-0.063385
-0.015003
0.024494
0.050922
0.067856
0.082865
0.10167
0.12458
0.14722
0.16552
0.18155
0.20353
0.23843
0.28533
0.33723
0.38826
0.4375
0.48642
0.53407
0.57489
0.60159
0.61084
0.60611
0.59359
0.5758
0.55093
0.51803
0.4806
0.44489
0.41665
0.40019
0.39811
0.40884
0.42419
0.43112
0.41761
0.37864
0.31837
0.24799
0.18097
0.12832
0.096353
0.087091
0.098373
0.12187
0.14247
0.1433
0.11426
0.057205
-0.016278
-0.091223
-0.15447
-0.19637
-0.21134
-0.20049
-0.17502
-0.15412
-0.15446
-0.17835
-0.21139
-0.23162
-0.22231
-0.18007
-0.11575
-0.04904
0.00022434
0.019207
0.0045875
-0.038077
-0.09608
-0.15358
-0.19836
-0.22652
-0.24
-0.23997
-0.22484
-0.19561
-0.16128
-0.13669
-0.13408
-0.15643
-0.19651
-0.23989
-0.26907
-0.26918
-0.23463
-0.17262
-0.10081
-0.040611
-0.0097114
-0.015063
-0.048061
-0.085601
-0.099136
-0.067886
0.010782
0.11841
0.22099
0.28186
0.27768
0.21021
0.10692
0.0093995
-0.044776
-0.037573
0.023361
0.11038
0.18975
0.23547
0.23556
0.19183
0.11911
0.043698
-0.0053135
-0.011195
0.021344
0.071289
0.11363
0.12856
0.10733
0.057421
0.0020926
-0.031189
-0.026486
0.014158
0.076163
0.13997
0.18475
0.1938
0.16498
0.1169
0.080044
0.078554
0.1178
0.1837
0.24933
0.28647
0.28089
0.24196
0.19544
0.16433
0.15546
0.1613
0.17043
0.17677
0.18342
0.20003
0.2342
0.28269
0.3298
0.35395
0.3365
0.26914
0.15991
0.035529
-0.064706
-0.10465
-0.069321
0.025183
0.1362
0.21224
0.21653
0.14472
0.026768
-0.088916
-0.15919
-0.16304
-0.10452
-0.0066891
0.096263
0.16831
0.1843
0.14095
0.057607
-0.033755
-0.10176
-0.12652
-0.10764
-0.065928
-0.03298
-0.031927
-0.064195
-0.11282
-0.15576
-0.17565
-0.16358
-0.12249
-0.068856
-0.024659
-0.0034072
-0.0047893
-0.02204
-0.048422
-0.074348
-0.08556
-0.072023
-0.037656
0.0030389
0.036869
0.057752
0.064607
0.060331
0.053126
0.053512
0.067706
0.095548
0.13404
0.17914
0.22358
0.25708
0.27177
0.26719
0.24926
0.22562
0.2021
0.18171
0.1646
0.14871
0.13103
0.10905
0.08212
0.052002
0.022138
-0.0042504
-0.025305
-0.039461
-0.043838
-0.035385
-0.015155
0.0083321
0.02084
0.0090245
-0.032457
-0.097552
-0.17041
-0.23097
-0.26252
-0.25816
-0.2232
-0.17216
-0.12228
-0.087091
-0.072746
-0.077398
-0.092386
-0.10507
-0.10369
-0.082645
-0.044829
0.00046592
0.041802
0.069493
0.078619
0.070922
0.054125
0.038295
0.031813
0.039607
0.062942
0.098685
0.13892
0.17373
0.19628
0.2053
0.203
0.19223
0.17638
0.16032
0.14963
0.14818
0.1561
0.1688
0.17841
0.17877
0.17133
0.16563
0.17233
0.19473
0.22635
0.25509
0.26932
0.26234
0.23499
0.19576
0.15757
0.13209
0.12517
0.13584
0.15772
0.18093
0.19447
0.19034
0.16846
0.13802
0.11284
0.10349
0.11192
0.13096
0.14777
0.14976
0.13094
0.094945
0.052185
0.013639
-0.01332
-0.024836
-0.019371
0.0013981
0.03098
0.059335
0.076851
0.077393
0.058609
0.021423
-0.029385
-0.084533
-0.13164
-0.15885
-0.15885
-0.13176
-0.086585
-0.039545
-0.0074201
0.0016527
-0.0075155
-0.021919
-0.029442
-0.024872
-0.010866
0.0040842
0.0095376
-0.0019656
-0.031747
-0.075846
-0.12808
-0.18138
-0.22658
-0.25212
-0.24823
-0.21311
-0.15535
-0.090259
-0.033986
0.0013442
0.011219
0.00043236
-0.019636
-0.037064
-0.043367
-0.033532
-0.00641
0.032374
0.069913
0.091911
0.090963
0.070417
0.042071
0.020355
0.016089
0.032776
0.066898
0.11022
0.15143
0.17813
0.18129
0.16012
0.12381
0.088953
0.073509
0.08805
0.12816
0.17434
0.20152
0.1924
0.14617
0.078595
0.014444
-0.023493
-0.023729
0.010542
0.064809
0.1203
0.16038
0.17424
0.15908
0.1211
0.073911
0.033857
0.014757
0.024467
0.062524
0.11918
0.17863
0.22595
0.25194
0.25281
0.2295
0.19036
0.15195
0.13193
0.13866
0.1671
0.20304
0.22922
0.23041
0.19994
0.14586
0.088782
0.049587
0.03747
0.048233
0.070039
0.088235
0.088791
0.064546
0.021173
-0.024887
-0.055955
-0.061471
-0.04119
-0.0061182
0.023414
0.027099
-0.0020589
-0.052524
-0.10189
-0.12869
-0.11981
-0.074524
-0.0070465
0.057676
0.097134
0.10298
0.080313
0.03932
-0.0083298
-0.04838
-0.06841
-0.066615
-0.051512
-0.030674
-0.0042152
0.028989
0.065005
0.098627
0.12753
0.14726
0.1475
0.12127
0.076058
0.029323
-0.006085
-0.026805
-0.03211
-0.02111
0.0012061
0.022523
0.032844
0.0325
0.027569
0.02142
0.015547
0.015499
0.028678
0.054951
0.084042
0.10375
0.10749
0.093342
0.061286
0.015535
-0.033166
-0.072478
-0.096732
-0.10845
-0.11187
-0.10786
-0.096676
-0.082901
-0.073391
-0.070361
-0.070266
-0.070399
-0.072066
-0.0748
-0.072359
-0.059835
-0.042458
-0.032142
-0.036228
-0.053466
-0.07856
-0.10415
-0.11864
-0.10946
-0.072313
-0.014411
0.052219
0.11674
0.16869
0.19838
0.20341
0.19263
0.18033
0.17802
0.1927
0.2267
0.27348
0.31595
0.3357
0.32538
0.29186
0.2508
0.22086
0.21737
0.24211
0.2777
0.29799
0.28761
0.25079
0.20376
0.164
0.14602
0.15797
0.1945
0.23474
0.25346
0.2369
0.18795
0.11944
0.046791
-0.014224
-0.050179
-0.056232
-0.038844
-0.00973
0.022166
0.051614
0.0731
0.080416
0.070561
0.045343
0.0088507
-0.033895
-0.074946
-0.10325
-0.11018
-0.095948
-0.069285
-0.040434
-0.015366
0.003707
0.015919
0.022743
0.028979
0.038163
0.046782
0.046571
0.03293
0.0079955
-0.024254
-0.061311
-0.099302
-0.13117
-0.15012
-0.15216
-0.1347
-0.097696
-0.04916
-0.0052076
0.019908
0.022679
0.0082311
-0.016617
-0.045179
-0.069226
-0.080198
-0.072707
-0.046725
-0.0085696
0.029613
0.054835
0.061287
0.053729
0.04268
0.037397
0.043121
0.06107
0.087137
0.11133
0.1221
0.11275
0.083317
0.038159
-0.014866
-0.063485
-0.094109
-0.098496
-0.076827
-0.035815
0.012284
0.049953
0.06141
0.045041
0.017603
0.0029826
0.016094
0.055922
0.10876
0.15454
0.17392
0.15731
0.11184
0.059079
0.023964
0.024271
0.066293
0.14307
0.23331
0.3074
0.34243
0.33455
0.2974
0.25156
0.2166
0.20752
0.23026
0.27766
0.33232
0.376
0.39745
0.3925
0.36026
0.30297
0.23031
0.16062
0.11338
0.098428
0.11059
0.13254
0.14264
0.12459
0.074511
0.0011374
-0.081299
-0.16065
-0.22856
-0.27675
-0.29477
-0.27489
-0.2212
-0.15166
-0.087803
-0.042704
-0.02082
-0.025796
-0.060787
-0.11932
-0.18174
-0.22537
-0.23802
-0.22225
-0.19164
-0.1645
-0.15501
-0.16227
-0.1666
-0.14109
-0.070688
0.037298
0.15762
0.25864
0.31281
0.30641
0.24826
0.16929
0.10703
0.084618
0.10174
0.14131
0.18105
0.20237
0.19844
0.17963
0.16753
0.17851
0.21086
0.24592
0.2589
0.2311
0.16007
0.065087
-0.018039
-0.055069
-0.035024
0.022724
0.083579
0.12005
0.12139
0.091912
0.051339
0.032539
0.061919
0.13349
0.20739
0.23693
0.19509
0.082693
-0.071537
-0.21519
-0.29266
-0.27715
-0.18524
-0.061765
0.043854
0.091449
0.060942
-0.034054
-0.14564
-0.21608
-0.21075
-0.13382
-0.021131
0.077703
0.11976
0.087238
-0.0045515
-0.11563
-0.19966
-0.22077
-0.16484
-0.045048
0.10202
0.23178
0.30992
0.32204
0.27289
0.1821
0.080464
0.0033698
-0.02091
0.016634
0.1011
0.20028
0.27914
0.31396
0.29841
0.24074
0.15769
0.069828
-0.0020828
-0.041447
-0.041376
-0.009569
0.032612
0.061047
0.063427
0.043727
0.013564
-0.016634
-0.037356
-0.038057
-0.012752
0.032026
0.078067
0.10562
0.10386
0.075542
0.035868
0.0062306
0.0033318
0.029001
0.069359
0.10546
0.12596
0.13058
0.12462
0.11447
0.10865
0.11781
0.14832
0.19581
0.24754
0.29032
0.31421
0.31185
0.28214
0.23668
0.19631
0.17589
0.17399
0.1788
0.18012
0.17256
0.15249
0.11838
0.073334
0.022941
-0.028833
-0.07751
-0.11312
-0.12386
-0.10822
-0.080312
-0.059828
-0.058553
-0.078413
-0.1177
-0.17173
-0.22804
-0.26934
-0.28505
-0.2767
-0.25068
-0.21183
-0.16754
-0.13101
-0.11195
-0.10607
-0.10002
-0.085535
-0.063366
-0.036864
-0.0103
0.0076506
0.0086165
-0.0048185
-0.020249
-0.029166
-0.032661
-0.031402
-0.018265
0.013007
0.056637
0.098719
0.13002
0.14933
0.15587
0.14563
0.11796
0.080815
0.046435
0.025465
0.0271
0.058083
0.11377
0.17287
0.2093
0.21103
0.18443
0.14344
0.10092
0.068751
0.056377
0.064507
0.084737
0.10927
0.13825
0.17453
0.21423
0.24735
0.26714
0.27471
0.27321
0.26155
0.23648
0.1982
0.15158
0.10347
0.061395
0.032255
0.01861
0.017302
0.025452
0.047326
0.090902
0.15574
0.22632
0.27899
0.29454
0.26454
0.19104
0.086956
-0.022328
-0.10447
-0.13425
-0.10529
-0.030747
0.062519
0.14066
0.17343
0.14879
0.079563
-0.0060825
-0.080141
-0.12346
-0.12872
-0.10295
-0.065209
-0.035772
-0.025152
-0.03263
-0.050915
-0.06883
-0.072907
-0.053549
-0.013276
0.032487
0.065105
0.074038
0.059903
0.030099
-0.005614
-0.037544
-0.059674
-0.072715
-0.081255
-0.087842
-0.09294
-0.099947
-0.11422
-0.13402
-0.14626
-0.13547
-0.097401
-0.04343
0.0061868
0.032137
0.023139
-0.019357
-0.078186
-0.12346
-0.12611
-0.076199
0.0096847
0.10013
0.16725
0.19503
0.17891
0.128
0.067313
0.027199
0.023974
0.051916
0.092738
0.1273
0.14028
0.12614
0.098346
0.086826
0.11635
0.18544
0.26791
0.33231
0.35798
0.33947
0.28717
0.22603
0.18539
0.18134
0.20634
0.23443
0.2357
0.19124
0.1045
0.0035117
-0.071182
-0.087616
-0.038533
0.055761
0.1562
0.22107
0.22381
0.16382
0.063905
-0.042199
-0.12405
-0.16457
-0.16277
-0.12885
-0.076963
-0.021541
0.023926
0.050644
0.059085
0.058481
0.060829
0.073662
0.094285
0.10825
0.096602
0.050042
-0.02182
-0.095569
-0.14811
-0.16658
-0.14875
-0.1001
-0.033038
0.034063
0.08239
0.10009
0.085485
0.045706
-0.0055274
-0.051111
-0.077128
-0.079169
-0.061946
-0.033581
-0.0020839
0.024328
0.038788
0.04081
0.038147
0.040851
0.053083
0.071688
0.092138
0.11358
0.13746
0.16369
0.18967
0.21008
0.21501
0.19223
0.13841
0.068484
0.0091624
-0.018227
-0.0074231
0.034855
0.091767
0.1382
0.15108
0.12501
0.075649
0.026385
-0.0055221
-0.012535
0.0034658
0.030116
0.048499
0.04457
0.017876
-0.020535
-0.05599
-0.075682
-0.071728
-0.04477
-0.005679
0.029414
0.048911
0.052015
0.046463
0.04161
0.043649
0.054788
0.074552
0.10167
0.13462
0.16912
0.19568
0.20271
0.18398
0.14217
0.08562
0.024378
-0.030177
-0.066322
-0.076552
-0.061426
-0.027867
0.015784
0.062592
0.10683
0.14358
0.1691
0.18065
0.17644
0.15802
0.1328
0.11119
0.098533
0.09077
0.079132
0.058286
0.02963
-0.00044836
-0.023433
-0.031866
-0.022725
0.0011721
0.031804
0.056723
0.061898
0.039156
-0.0071871
-0.062173
-0.10774
-0.12801
-0.11357
-0.06894
-0.015444
0.020866
0.027332
0.0093946
-0.019755
-0.048454
-0.067866
-0.073291
-0.067617
-0.058409
-0.048752
-0.034235
-0.010282
0.021558
0.056025
0.088203
0.11264
0.12331
0.11961
0.11055
0.10831
0.11755
0.13345
0.14896
0.16014
0.16526
0.16344
0.15642
0.15024
0.15321
0.17159
0.20516
0.2449
0.27556
0.283
0.26195
0.21841
0.16543
0.11569
0.076205
0.048874
0.033722
0.028298
0.024325
0.010378
-0.018041
-0.052524
-0.077692
-0.08192
-0.062761
-0.02689
0.012019
0.038803
0.045554
0.036027
0.020182
0.0053022
-0.0058189
-0.010676
-0.0073067
-0.00070995
-0.003439
-0.024433
-0.059097
-0.093764
-0.11637
-0.11797
-0.089322
-0.027767
0.050432
0.11346
0.13487
0.10868
0.045434
-0.036512
-0.1123
-0.15411
-0.14537
-0.091787
-0.01408
0.067635
0.13858
0.18503
0.1973
0.18033
0.15359
0.13419
0.12231
0.10747
0.08604
0.067031
0.061878
0.075006
0.104
0.1412
0.17261
0.18289
0.16781
0.13851
0.10965
0.086724
0.068604
0.056953
0.055261
0.060415
0.063189
0.058783
0.051556
0.047958
0.050047
0.057299
0.067587
0.072038
0.055939
0.012959
-0.04397
-0.092158
-0.11778
-0.12095
-0.10738
-0.08394
-0.061079
-0.049771
-0.051488
-0.055418
-0.04888
-0.027559
0.0069457
0.054585
0.1141
0.17316
0.20997
0.20969
0.17581
0.12419
0.074238
0.050027
0.077398
0.16327
0.27749
0.36654
0.38954
0.33845
0.23007
0.092522
-0.038629
-0.12661
-0.14988
-0.11272
-0.037067
0.051661
0.12907
0.17298
0.17287
0.13878
0.093294
0.052816
0.019815
-0.009032
-0.03445
-0.055245
-0.070865
-0.080118
-0.080991
-0.074619
-0.067807
-0.069661
-0.08496
-0.10881
-0.12608
-0.11822
-0.075341
-0.0049189
0.069482
0.11898
0.12413
0.085937
0.024774
-0.032328
-0.064857
-0.063338
-0.028588
0.029294
0.095317
0.15815
0.21376
0.25942
0.28789
0.29048
0.26387
0.21128
0.13971
0.059998
-0.011503
-0.055943
-0.060397
-0.024818
0.037215
0.10164
0.13941
0.12867
0.072225
0.0031817
-0.03535
-0.021598
0.032986
0.098014
0.14304
0.1468
0.10339
0.028021
-0.048857
-0.099688
-0.11252
-0.088861
-0.037999
0.022703
0.068939
0.080339
0.053741
0.0056364
-0.038309
-0.056603
-0.038875
0.012721
0.082157
0.141
0.16121
0.13427
0.0765
0.014251
-0.0309
-0.041721
-0.004018
0.079761
0.17833
0.24574
0.2524
0.20026
0.11314
0.022371
-0.040452
-0.053595
-0.019917
0.032865
0.074615
0.094062
0.095293
0.082263
0.057704
0.031717
0.016071
0.0086232
-0.0041162
-0.025989
-0.043247
-0.039959
-0.010576
0.045368
0.12736
0.22345
0.30402
0.3378
0.31496
0.25166
0.17556
0.11163
0.076328
0.072706
0.085322
0.086146
0.053858
-0.01127
-0.09202
-0.16856
-0.22419
-0.24407
-0.22097
-0.16477
-0.09919
-0.045516
-0.011915
0.0031178
0.004529
-0.00011369
-0.0024399
0.00014132
0.0021058
-0.0026099
-0.012643
-0.021354
-0.024663
-0.023322
-0.018679
-0.010067
0.0035567
0.02276
0.048627
0.080355
0.11034
0.12616
0.12152
0.10329
0.085575
0.078923
0.086537
0.10585
0.12906
0.14575
0.15103
0.1503
0.15195
0.15668
0.15768
0.14914
0.12973
0.099413
0.060093
0.021433
2.0294e-05
0.0070084
0.037326
0.073539
0.098616
0.1029
0.083328
0.043788
-0.0028416
-0.039382
-0.055442
-0.05283
-0.039607
-0.021393
0.0010036
0.029093
0.064325
0.10519
0.14206
0.15563
0.12726
0.05738
-0.026306
-0.082504
-0.081514
-0.020554
0.078553
0.1807
0.24956
0.26006
0.20933
0.11884
0.024157
-0.040993
-0.056924
-0.022846
0.044134
0.1147
0.15736
0.1505
0.091581
-0.00075884
-0.093009
-0.14974
-0.14859
-0.090204
0.0029359
0.098177
0.16667
0.1921
0.17335
0.12345
0.065348
0.023949
0.017008
0.048068
0.10373
0.15798
0.18489
0.17322
0.13109
0.076901
0.026609
-0.012568
-0.041268
-0.06438
-0.086618
-0.1086
-0.12582
-0.13023
-0.1125
-0.065815
0.0075133
0.09172
0.16182
0.19488
0.18001
0.12157
0.03625
-0.053209
-0.12465
-0.16143
-0.15493
-0.10559
-0.022938
0.075906
0.17042
0.24306
0.28427
0.29186
0.26686
0.21231
0.13606
0.050994
-0.029654
-0.095123
-0.13508
-0.14071
-0.11302
-0.068355
-0.031077
-0.019412
-0.037007
-0.072766
-0.10409
-0.10374
-0.052856
0.046148
0.16855
0.28012
0.35259
0.37134
0.33537
0.25415
0.14275
0.016005
-0.114
-0.23515
-0.33292
-0.39337
-0.40768
-0.3716
-0.28258
-0.14236
0.035565
0.22275
0.38159
0.4761
0.48262
0.39766
0.23982
0.043777
-0.14991
-0.30218
-0.37968
-0.36087
-0.24533
-0.058191
0.15739
0.3562
0.50391
0.58145
0.58439
0.52216
0.41581
0.2916
0.17187
0.068534
-0.017407
-0.091233
-0.15882
-0.22234
-0.2757
-0.30051
-0.27016
-0.16635
0.0039595
0.20774
0.40059
0.54161
0.60331
0.58143
0.50004
0.39956
0.31362
0.25781
0.23647
0.25029
0.29416
0.35569
0.42219
0.48674
0.54487
0.58885
0.60789
0.59098
0.52773
0.411
0.24497
0.051321
-0.13651
-0.28828
-0.38798
-0.43474
-0.44014
-0.42639
-0.42087
-0.44488
-0.50471
-0.59171
-0.68691
-0.76624
-0.81005
-0.81544
-0.79935
-0.78646
-0.79309
-0.81903
-0.84819
-0.85553
-0.82076
-0.74246
-0.63931
-0.53568
-0.44533
-0.3663
-0.28563
-0.18699
-0.059307
0.094531
0.25486
0.39257
0.48171
0.50883
0.47704
0.40789
0.33901
0.31207
0.35369
0.46257
0.61197
0.76418
0.8874
0.96738
1.0081
1.0204
1.0085
0.96623
0.88471
0.76433
0.62058
0.48074
0.37095
0.30127
0.26197
0.23517
0.20856
0.17792
0.14156
0.09808
0.04849
-0.004324
-0.058913
-0.11371
-0.1609
-0.18673
-0.18217
-0.15062
-0.10162
-0.039661
0.035494
0.11995
0.20416
0.28043
0.34598
0.39792
0.43076
0.44052
0.42642
0.38756
0.32401
0.24526
0.17285
0.12858
0.11958
0.13688
0.16668
0.19846
0.22216
0.22275
0.18174
0.083855
-0.076833
-0.29106
-0.52865
-0.74159
-0.88262
-0.92921
-0.89356
-0.81237
-0.72821
-0.67568
-0.67386
-0.72186
-0.79829
-0.86787
-0.8937
-0.85013
-0.73279
-0.56374
-0.38774
-0.25606
-0.20225
-0.22534
-0.29288
-0.35865
-0.37894
-0.32073
-0.16816
0.070394
0.36176
0.65747
0.90652
1.0668
1.117
1.0658
0.94822
0.80809
0.68068
0.58687
0.53435
0.51752
0.51785
0.51164
0.48268
0.42962
0.36443
0.3064
0.27332
0.26855
0.27119
0.2431
0.15242
-0.0061641
-0.20966
-0.41756
-0.58429
-0.67312
-0.6704
-0.58907
-0.45673
-0.30165
-0.14961
-0.025132
0.053912
0.083708
0.074082
0.042432
0.010094
-0.00022359
0.028686
0.10121
0.20904
0.33699
0.46582
0.57131
0.62803
0.6207
0.55467
0.45509
0.35635
0.29084
0.2811
0.33203
0.42376
0.51386
0.5532
0.50775
0.37423
0.18476
-0.00016254
-0.11196
