#ID density(bic/m) speed(m/s)
1 0.236 3.229
2 0.222 2.982
3 0.323 0.876
4 0.138 4.35
5 0.335 1.048
6 0.3 2.243
7 0.123 3.342
8 0.156 4.042
9 0.171 3.822
10 0.133 4.203
11 0.231 3.481
12 0.096 4.647
13 0.143 3.672
14 0.272 2.7
15 0.285 2.383
16 0.448 0.691
17 0.244 2.617
18 0.205 3.382
19 0.356 2.034
20 0.087 3.695
21 0.111 4.346
22 0.101 3.9
23 0.15 4.629
24 0.101 3.949
25 0.063 4.755
26 0.303 2.076
27 0.249 2.776
28 0.363 0.806
29 0.081 4.243
30 0.138 3.674
31 0.239 2.611
32 0.171 3.626
33 0.085 3.737
34 0.162 3.565
35 0.067 3.512
36 0.105 4.922
37 0.272 2.681
38 0.301 1.845
39 0.148 3.719
40 0.066 3.368
41 0.082 3.599
42 0.18 3.722
43 0.244 3.36
44 0.178 3.558
45 0.378 0.983
46 0.212 3.491
47 0.084 4.019
48 0.272 1.928
49 0.094 4.073
50 0.12 5.149
51 0.287 2.351
52 0.226 2.648
53 0.156 3.929
54 0.368 0.909
55 0.091 4.185
56 0.093 4.159
57 0.241 3.376
58 0.196 3.604
59 0.372 1.605
60 0.398 0.981
61 0.065 3.592
62 0.055 3.889
63 0.21 3.484
64 0.217 3.84
65 0.311 2.04
66 0.221 3.03
67 0.354 0.688
68 0.32 0.915
69 0.183 3.637
70 0.244 3.123
71 0.184 3.705
72 0.284 3.138
73 0.171 3.084
74 0.132 3.546
75 0.104 3.673
76 0.292 2.071
77 0.127 4.616
78 0.179 3.545
79 0.13 3.705
80 0.29 2.732
81 0.144 4.218
82 0.061 3.946
83 0.189 2.976
84 0.137 4.11
85 0.254 2.781
86 0.177 3.823
87 0.214 3.092
88 0.141 3.885
89 0.336 0.974
90 0.279 1.311
91 0.308 2.327
92 0.335 1.117
93 0.052 4.503
94 0.099 3.976
95 0.214 3.452
96 0.234 3.12
97 0.303 1.294
98 0.309 1.764
99 0.116 3.458
100 0.202 3.412
101 0.21 3.526
102 0.288 1.372
103 0.204 4.264
104 0.305 2.405
105 0.084 4.317
106 0.165 3.789
107 0.184 3.936
108 0.372 0.575
109 0.168 3.995
110 0.244 2.645
111 0.13 4.325
112 0.273 3.134
113 0.093 3.936
114 0.386 0.72
115 0.123 3.581
116 0.228 3.459
117 0.33 1.242
118 0.123 3.926
119 0.308 2.249
120 0.329 1.865
121 0.137 4.266
122 0.19 2.36
123 0.282 2.004
124 0.291 2.905
125 0.187 3.567
126 0.116 3.836
127 0.39 0.706
128 0.129 3.703
129 0.302 2.563
130 0.14 3.779
131 0.159 4.1
132 0.248 2.322
133 0.279 2.69
134 0.169 3.448
135 0.194 3.385
136 0.131 3.737
137 0.136 4.108
138 0.298 2.291
139 0.129 4.98
140 0.081 3.891
141 0.172 3.869
142 0.203 3.523
143 0.145 4.501
144 0.306 2.281
145 0.213 3.6
146 0.142 3.849
147 0.224 3.433
148 0.413 0.847
149 0.374 0.776
150 0.228 3.197
151 0.251 3.606
152 0.187 3.837
153 0.086 4.148
154 0.34 1.086
155 0.138 4.108
156 0.306 2.084
157 0.141 3.616
158 0.282 1.99
159 0.229 3.83
160 0.165 4.508
161 0.114 3.492
162 0.389 1.047
163 0.252 3.656
164 0.34 1.03
165 0.233 3.662
166 0.22 3.401
167 0.38 0.882
168 0.226 2.77
169 0.196 3.7
170 0.11 5.16
171 0.168 3.691
172 0.28 3.45
173 0.347 1.367
174 0.119 4.171
175 0.387 0.872
176 0.238 2.708
177 0.274 2.748
178 0.288 2.722
179 0.283 2.812
180 0.406 0.965
181 0.302 1.195
182 0.37 0.843
183 0.201 3.584
184 0.209 3.732
185 0.132 3.743
186 0.228 2.922
187 0.225 3.427
188 0.335 2.24
189 0.324 1.865
190 0.154 3.36
191 0.136 3.71
192 0.256 3.276
193 0.24 3.362
194 0.285 2.428
195 0.153 4.024
196 0.418 0.706
197 0.379 0.745
198 0.239 2.437
199 0.214 3.808
200 0.156 3.435
201 0.377 0.653
202 0.307 1.301
203 0.365 0.891
204 0.345 0.785
205 0.261 2.741
206 0.191 4.143
207 0.34 1.002
208 0.114 3.515
209 0.114 3.582
210 0.134 3.739
211 0.144 3.72
212 0.396 0.826
213 0.168 3.066
214 0.19 4.187
215 0.272 3.205
216 0.137 3.431
217 0.396 1.024
218 0.113 3.752
219 0.123 3.588
220 0.242 3.48
221 0.349 0.86
222 0.314 1.29
223 0.106 3.697
224 0.079 4.198
225 0.213 3.476
226 0.334 1.084
227 0.226 2.721
228 0.245 2.907
229 0.202 2.536
230 0.181 3.732
231 0.198 3.403
232 0.124 3.659
233 0.172 3.342
234 0.27 3.33
235 0.217 3.469
236 0.251 3.478
237 0.332 0.967
238 0.29 2.565
239 0.307 1.249
240 0.225 3.039
241 0.24 2.62
242 0.101 4.081
243 0.401 0.724
244 0.375 1.067
245 0.37 0.818
246 0.363 0.929
247 0.387 0.909
248 0.378 0.749
249 0.383 0.723
250 0.366 1.013
251 0.241 2.728
252 0.284 1.369
253 0.092 4.54
254 0.286 2.052
255 0.2 3.513
256 0.24 2.523
257 0.278 2.616
258 0.217 4.606
259 0.102 4.412
260 0.416 0.92
261 0.248 2.3
262 0.178 3.84
263 0.114 4.326
264 0.15 3.726
265 0.344 1.017
266 0.197 2.866
267 0.231 2.981
268 0.354 0.961
269 0.239 3.29
270 0.194 3.455
271 0.316 2.418
272 0.155 5.159
273 0.299 1.38
274 0.171 3.061
275 0.412 0.938
276 0.29 2.461
277 0.12 3.556
278 0.166 3.824
279 0.129 3.834
280 0.402 0.819
281 0.24 2.675
282 0.126 3.636
283 0.363 0.605
284 0.296 1.425
285 0.236 3.17
286 0.216 3.62
287 0.396 1.029
288 0.359 0.931
289 0.244 3.703
290 0.31 1.312
291 0.227 2.678
292 0.266 3.568
293 0.338 1.087
294 0.251 2.618
295 0.3 2.261
296 0.243 2.925
297 0.395 0.681
298 0.398 0.992
299 0.061 3.815
300 0.119 4.239
301 0.306 2.516
302 0.268 3.14
303 0.202 3.449
304 0.366 1.022
305 0.274 2.663
306 0.337 0.869
307 0.087 3.87
308 0.225 3.845
309 0.166 3.766
310 0.222 3.491
311 0.28 3.398
312 0.091 4.367
313 0.337 0.954
314 0.276 3.046
315 0.277 3.709
316 0.331 1.284
317 0.219 2.301
318 0.254 3.123
319 0.173 3.884
320 0.165 3.615
321 0.153 3.699
322 0.383 0.907
323 0.187 4.08
324 0.351 1.079
325 0.315 1.021
326 0.341 1.608
327 0.132 3.768
328 0.437 0.483
329 0.201 3.658
330 0.2 3.599
331 0.375 0.897
332 0.149 4.323
333 0.349 1.07
334 0.066 4.348
335 0.148 4.01
336 0.257 3.365
337 0.243 3.68
338 0.162 3.867
339 0.252 2.992
340 0.333 1.091
341 0.246 3.443
342 0.215 2.533
343 0.091 4.02
344 0.38 0.869
345 0.226 3.616
346 0.086 4.351
347 0.254 3.534
348 0.262 2.79
349 0.271 2.696
350 0.358 0.894
351 0.156 3.685
352 0.265 2.775
353 0.277 1.841
354 0.236 2.625
355 0.391 1.01
356 0.066 4.535
357 0.114 5.231
358 0.212 4.142
359 0.081 4.54
360 0.106 4.789
361 0.215 3.446
362 0.193 3.847
363 0.075 4.048
364 0.102 3.66
365 0.148 3.578
366 0.304 3.584
367 0.108 3.459
368 0.262 3.659
369 0.234 3.027
370 0.136 4.601
371 0.368 1.053
372 0.273 2.705
373 0.075 4.411
374 0.321 1.972
375 0.382 1.01
376 0.198 3.511
377 0.249 2.379
378 0.101 3.611
379 0.231 2.997
380 0.145 4.408
381 0.129 3.744
382 0.295 2.287
383 0.063 3.61
384 0.096 4.116
385 0.081 4.882
386 0.146 4.415
387 0.158 3.665
388 0.222 3.473
389 0.069 3.426
390 0.251 3.047
391 0.425 0.574
392 0.264 2.475
393 0.334 1.143
394 0.251 3.149
395 0.215 3.692
396 0.359 0.897
397 0.108 4.349
398 0.21 3.336
399 0.385 0.876
400 0.446 0.724
401 0.348 0.9
402 0.135 3.661
403 0.3 1.328
404 0.135 4.612
405 0.115 3.948
406 0.169 4.165
407 0.278 3.253
408 0.312 2.107
409 0.387 1.009
410 0.12 3.934
411 0.228 3.895
412 0.334 1.021
413 0.118 5.282
414 0.232 3.658
415 0.213 2.61
416 0.373 0.889
417 0.274 3.702
418 0.084 4.725
419 0.218 3.047
420 0.088 4.552
421 0.08 4.787
422 0.234 3.264
423 0.306 1.25
424 0.116 4.822
425 0.404 0.777
426 0.121 3.479
427 0.372 0.887
428 0.259 3.32
429 0.16 3.622
430 0.088 4.194
431 0.202 3.426
432 0.283 3.601
433 0.351 1.061
434 0.336 1.254
435 0.268 3.792
436 0.135 3.704
437 0.352 0.906
438 0.315 1.39
439 0.09 4.2
440 0.312 1.916
441 0.213 2.769
442 0.189 3.974
443 0.228 2.764
444 0.358 0.819
445 0.21 3.072
446 0.225 4.255
447 0.16 3.658
448 0.243 3.417
449 0.225 3.376
450 0.184 3.724
451 0.366 0.849
452 0.265 3.095
453 0.114 4.182
454 0.35 0.927
455 0.306 1.443
456 0.161 3.625
457 0.222 2.739
458 0.383 0.75
459 0.161 4.136
460 0.36 0.843
461 0.233 2.858
462 0.363 1.02
463 0.293 2.827
464 0.227 2.678
465 0.387 0.741
466 0.184 4.007
467 0.133 3.684
468 0.139 3.62
469 0.237 3.048
470 0.388 0.868
471 0.227 2.622
472 0.37 0.801
473 0.232 3.031
474 0.249 2.936
475 0.25 2.373
476 0.226 3.546
477 0.078 3.654
478 0.177 3.797
479 0.169 3.868
480 0.26 3.553
481 0.387 0.694
482 0.128 3.815
483 0.335 0.967
484 0.105 4.101
485 0.262 2.769
486 0.23 2.334
487 0.163 3.233
488 0.337 1.023
489 0.359 0.822
490 0.19 3.048
491 0.165 3.286
492 0.352 0.882
493 0.312 1.307
494 0.204 3.624
495 0.17 3.915
496 0.205 2.942
497 0.087 3.865
498 0.096 3.779
499 0.108 4.34
500 0.217 3.915
