#ID density(veh/m) speed(m/s)
1 0.104 5.55
2 0.09 5.529
3 0.093 5.542
4 0.121 3.336
5 0.118 5.114
6 0.108 4.682
7 0.103 7.173
8 0.104 7.789
9 0.101 6.652
10 0.155 1.626
11 0.08 7.918
12 0.112 5.679
13 0.118 4.949
14 0.095 6.257
15 0.057 9.549
16 0.098 7.674
17 0.064 6.486
18 0.107 4.933
19 0.107 4.468
20 0.124 4.907
21 0.093 7.067
22 0.119 4.145
23 0.127 3.755
24 0.106 7.06
25 0.119 4.839
26 0.136 4.24
27 0.101 5.203
28 0.081 5.926
29 0.121 4.615
30 0.113 4.526
31 0.075 6.412
32 0.094 6.331
33 0.104 4.742
34 0.091 7.544
35 0.111 5.62
36 0.112 4.86
37 0.07 6.457
38 0.101 5.195
39 0.124 4.496
40 0.08 4.731
41 0.112 5.07
42 0.097 5.859
43 0.154 1.979
44 0.108 6.563
45 0.09 5.639
46 0.115 5.475
47 0.09 6.005
48 0.11 5.135
49 0.124 4.41
50 0.106 5.285
51 0.085 7.533
52 0.099 5.629
53 0.081 8.67
54 0.074 6.119
55 0.102 6.429
56 0.101 7.773
57 0.136 4.24
58 0.11 6.447
59 0.091 6.286
60 0.116 5.479
61 0.101 6.652
62 0.122 5.879
63 0.082 8.388
64 0.088 9.154
65 0.092 5.704
66 0.093 5.94
67 0.099 7.52
68 0.147 1.801
69 0.097 5.997
70 0.101 8.082
71 0.091 7.084
72 0.091 5.439
73 0.087 6.091
74 0.078 8.352
75 0.127 3.604
76 0.126 5.148
77 0.103 5.202
78 0.114 5.135
79 0.092 6.205
80 0.103 5.816
81 0.083 6.89
82 0.089 5.064
83 0.074 5.895
84 0.081 10.056
85 0.127 4.314
86 0.07 6.891
87 0.12 5
88 0.105 7.23
89 0.093 6.553
90 0.12 5.066
91 0.076 7.833
92 0.096 5.264
93 0.099 5.485
94 0.1 6.997
95 0.09 6.191
96 0.104 5.878
97 0.055 9.738
98 0.142 2.547
99 0.126 6.375
100 0.092 8.424
101 0.113 6.087
102 0.103 7.173
103 0.124 5.996
104 0.117 5.52
105 0.136 4.599
106 0.096 5.147
107 0.115 6.601
108 0.095 7.383
109 0.101 5.515
110 0.076 7.833
111 0.09 5.639
112 0.121 4.615
113 0.079 6.463
114 0.092 5.528
115 0.095 6.787
116 0.093 5.204
117 0.108 6.113
118 0.055 10.166
119 0.099 6.822
120 0.105 5.991
121 0.134 4.038
122 0.12 4.528
123 0.136 3.509
124 0.124 2.307
125 0.11 6.53
126 0.094 5.158
127 0.108 7.298
128 0.112 7.654
129 0.069 9.525
130 0.128 4.094
131 0.073 6.765
132 0.093 4.128
133 0.114 3.423
134 0.105 6.666
135 0.117 5.52
136 0.071 7.087
137 0.087 7.887
138 0.11 4.369
139 0.094 8.627
140 0.127 4.453
141 0.11 5.724
142 0.101 6.863
143 0.125 5.057
144 0.1 6.496
145 0.113 5.179
146 0.136 3.274
147 0.102 7.083
148 0.069 9.525
149 0.084 8.561
150 0.104 5.021
151 0.165 0.393
152 0.128 4.266
153 0.099 5.942
154 0.142 4.036
155 0.092 6.459
156 0.06 7.971
157 0.09 4.833
158 0.093 4.398
159 0.073 9.804
160 0.102 6.327
161 0.123 5.959
162 0.127 2.895
163 0.114 4.713
164 0.1 8.384
165 0.15 2.184
166 0.102 5.122
167 0.098 5.991
168 0.106 5.811
169 0.073 5.889
170 0.09 4.93
171 0.088 6.503
172 0.14 4.275
173 0.124 3.422
174 0.064 6.486
175 0.107 6.337
176 0.084 5.506
177 0.145 2.612
178 0.073 6.667
179 0.109 6.095
180 0.1 4.4
181 0.102 6.5
182 0.053 10.369
183 0.09 6.198
184 0.162 0.766
185 0.128 4.954
186 0.097 6.171
187 0.119 5.049
188 0.089 5.509
189 0.125 4.72
190 0.13 2.112
191 0.101 6.62
192 0.151 1.427
193 0.107 6.354
194 0.099 8.032
195 0.094 4.973
196 0.076 8.642
197 0.095 7.244
198 0.074 5.606
199 0.11 5.148
200 0.103 6.104
201 0.082 7.225
202 0.099 6.676
203 0.099 6.822
204 0.11 7.6
205 0.069 10.666
206 0.081 6.028
207 0.091 5.004
208 0.11 6.449
209 0.086 5.936
210 0.105 7.23
211 0.125 5.191
212 0.101 5.519
213 0.103 4.771
214 0.071 6.759
215 0.128 4.254
216 0.105 5.991
217 0.132 4.029
218 0.111 5.289
219 0.117 5.424
220 0.094 5.372
221 0.103 5.202
222 0.116 5.266
223 0.074 6.01
224 0.07 9.155
225 0.115 5.133
226 0.114 3.423
227 0.125 5.057
228 0.075 6.816
229 0.11 5.806
230 0.093 4.128
231 0.103 7.037
232 0.085 5.326
233 0.108 5.664
234 0.101 7.794
235 0.085 5.498
236 0.082 5.958
237 0.103 5.32
238 0.099 5.157
239 0.111 5.84
240 0.113 6.701
241 0.097 5.997
242 0.091 6.889
243 0.109 5.874
244 0.118 6.046
245 0.092 6.851
246 0.105 5.332
247 0.066 7.034
248 0.114 5.511
249 0.105 6.314
250 0.085 5.498
251 0.102 6.429
252 0.115 4.862
253 0.139 2.802
254 0.085 5.503
255 0.098 5.713
256 0.133 4.219
257 0.146 1.422
258 0.093 4.615
259 0.051 10.537
260 0.09 6.198
261 0.079 7.401
262 0.088 8.485
263 0.091 6.624
264 0.114 6.606
265 0.127 5.063
266 0.094 7.413
267 0.099 6.041
268 0.114 5.645
269 0.113 5.88
270 0.089 8.704
271 0.102 7.819
272 0.102 5.613
273 0.085 5.375
274 0.118 4.794
275 0.078 5.298
276 0.109 6.573
277 0.081 10.577
278 0.111 4.26
279 0.136 4.5
280 0.096 6.257
281 0.137 2.823
282 0.094 5.69
283 0.115 4.107
284 0.095 6.811
285 0.108 5.796
286 0.108 6.805
287 0.101 5.724
288 0.123 2.637
289 0.089 7.368
290 0.125 5.237
291 0.125 6.135
292 0.071 6.759
293 0.135 3.422
294 0.081 10.577
295 0.113 5.51
296 0.07 8.533
297 0.093 8.612
298 0.087 5.831
299 0.104 5.469
300 0.12 5.393
301 0.102 5.122
302 0.124 3.423
303 0.105 5.995
304 0.095 4.364
305 0.072 5.592
306 0.101 6.384
307 0.107 7.893
308 0.099 5.794
309 0.104 7.889
310 0.115 5.455
311 0.081 6.942
312 0.09 6.31
313 0.151 0.999
314 0.08 5.523
315 0.12 4.168
316 0.128 4.472
317 0.09 7.492
318 0.108 6.254
319 0.087 5.532
320 0.075 5.211
321 0.084 8.006
322 0.094 5.895
323 0.136 4.5
324 0.101 5.691
325 0.133 3.957
326 0.131 4.827
327 0.105 5.263
328 0.085 5.613
329 0.095 4.285
330 0.11 5.135
331 0.103 6.59
332 0.095 6.257
333 0.1 4.756
334 0.098 4.926
335 0.07 6.511
336 0.094 7.413
337 0.081 6.157
338 0.09 6.159
339 0.082 6.401
340 0.121 3.336
341 0.123 4.584
342 0.134 4.294
343 0.098 6.233
344 0.117 4.592
345 0.133 4.258
346 0.096 7.247
347 0.075 7.251
348 0.098 7.946
349 0.082 7.421
350 0.087 5.405
351 0.092 5.528
352 0.118 4.949
353 0.073 6.765
354 0.145 1.628
355 0.097 7.023
356 0.125 4.572
357 0.104 7.817
358 0.072 5.948
359 0.116 6.354
360 0.084 5.023
361 0.129 4.477
362 0.092 5.148
363 0.1 4.756
364 0.097 6.171
365 0.139 3.917
366 0.134 4.61
367 0.097 6.06
368 0.062 9.67
369 0.072 7.588
370 0.122 4.697
371 0.111 6.983
372 0.127 4.024
373 0.101 6.384
374 0.072 6.351
375 0.089 5.499
376 0.107 8.113
377 0.14 2.636
378 0.096 5.376
379 0.093 6.125
380 0.077 5.68
381 0.13 3.035
382 0.111 6.843
383 0.09 6.005
384 0.092 8.424
385 0.072 6.966
386 0.107 5.294
387 0.103 7.727
388 0.083 6.89
389 0.098 8.537
390 0.092 5.704
391 0.103 5.559
392 0.066 6.161
393 0.09 6.166
394 0.107 3.403
395 0.094 6.079
396 0.115 4.338
397 0.133 2.706
398 0.113 6.283
399 0.104 5.4
400 0.123 4.831
401 0.079 4.471
402 0.149 3.779
403 0.143 1.369
404 0.087 6.091
405 0.089 5.26
406 0.075 6.488
407 0.107 6.337
408 0.104 6.144
409 0.099 6.361
410 0.111 5.392
411 0.112 5.189
412 0.105 6.676
413 0.113 7.453
414 0.083 6.166
415 0.103 7.34
416 0.102 6.327
417 0.129 3.952
418 0.101 3.326
419 0.121 4.15
420 0.104 6.391
421 0.095 7.11
422 0.091 5.523
423 0.096 6.641
424 0.095 8.049
425 0.099 6.244
426 0.107 6.125
427 0.125 4.325
428 0.097 5.58
429 0.064 5.909
430 0.102 7.214
431 0.09 7.492
432 0.102 6.373
433 0.094 5.486
434 0.082 8.223
435 0.086 4.699
436 0.09 5.227
437 0.11 5.782
438 0.125 6.661
439 0.099 6.141
440 0.071 5.822
441 0.092 6.309
442 0.076 6.854
443 0.09 6.191
444 0.095 7.305
445 0.103 5.796
446 0.077 6.392
447 0.13 4.65
448 0.096 5.147
449 0.131 2.9
450 0.08 7.918
451 0.094 4.216
452 0.103 5.107
453 0.113 5.03
454 0.104 6.391
455 0.108 6.601
456 0.091 5.439
457 0.111 6.827
458 0.084 6.346
459 0.06 10.327
460 0.122 4.732
461 0.07 6.511
462 0.134 4.793
463 0.099 5.86
464 0.107 6.055
465 0.11 7.6
466 0.114 7.13
467 0.055 10.166
468 0.114 5.645
469 0.103 6.154
470 0.109 7.031
471 0.075 6.451
472 0.112 5.51
473 0.067 7.395
474 0.099 6.341
475 0.09 6.155
476 0.114 4.09
477 0.116 5.334
478 0.088 8.531
479 0.1 6.861
480 0.085 5.593
481 0.095 7.415
482 0.149 3.7
483 0.053 10.369
484 0.095 5.733
485 0.089 5.859
486 0.081 5.276
487 0.085 6.228
488 0.104 6.315
489 0.095 5.49
490 0.111 5.378
491 0.059 8.94
492 0.094 6.354
493 0.064 5.909
494 0.119 2.835
495 0.081 5.926
496 0.116 6.026
497 0.112 5.651
498 0.089 5.859
499 0.124 4.553
500 0.091 3.752
