0.13113
0.07081
0.047576
0.018542
0.054394
0.13986
0.24523
0.32792
0.3468
0.29
0.18528
0.076777
-0.0037493
-0.042374
-0.037209
-0.0025761
0.02912
0.027587
-0.010527
-0.064601
-0.11533
-0.15758
-0.19137
-0.21497
-0.23096
-0.24673
-0.26009
-0.25196
-0.20364
-0.12009
-0.030296
0.033468
0.051543
0.017176
-0.064966
-0.17228
-0.26211
-0.28977
-0.23877
-0.13598
-0.03599
0.011326
-0.015612
-0.10454
-0.21399
-0.28544
-0.26883
-0.15329
0.023421
0.19911
0.32183
0.36552
0.32684
0.222
0.084327
-0.050594
-0.16668
-0.27147
-0.37728
-0.48421
-0.58267
-0.66129
-0.70336
-0.68333
-0.5814
-0.4056
-0.19617
-0.010644
0.093571
0.076956
-0.057877
-0.25136
-0.40733
-0.44206
-0.32499
-0.088331
0.18729
0.40034
0.46757
0.36415
0.13934
-0.10688
-0.27148
-0.29112
-0.16171
0.067119
0.31564
0.50548
0.58687
0.55218
0.43236
0.27928
0.14326
0.058492
0.040314
0.084649
0.16425
0.23422
0.25725
0.2295
0.1785
0.13658
0.12221
0.1416
0.19084
0.24846
0.27784
0.25158
0.17327
0.071109
-0.02456
-0.090543
-0.1069
-0.061871
0.034055
0.14775
0.24247
0.29494
0.29822
0.26162
0.21313
0.1909
0.22123
0.30363
0.41543
0.522
0.58267
0.56406
0.46255
0.31115
0.15691
0.033943
-0.040411
-0.057398
-0.019881
0.050532
0.12274
0.17371
0.19061
0.16223
0.084467
-0.023778
-0.12481
-0.19053
-0.21994
-0.22637
-0.21956
-0.2071
-0.20138
-0.21211
-0.23597
-0.262
-0.28301
-0.29405
-0.28467
-0.24314
-0.16884
-0.074456
0.022609
0.10593
0.16027
0.1761
0.15793
0.12383
0.092869
0.073894
0.065728
0.062859
0.057916
0.042706
0.01215
-0.032385
-0.084554
-0.13563
-0.17468
-0.19086
-0.18102
-0.15553
-0.13485
-0.14022
-0.18573
-0.27294
-0.3878
-0.50335
-0.58968
-0.62506
-0.60247
-0.53167
-0.43701
-0.3488
-0.29105
-0.27433
-0.29849
-0.35863
-0.44502
-0.53771
-0.6059
-0.61834
-0.55817
-0.4306
-0.25976
-0.080291
0.072409
0.17378
0.22076
0.23263
0.23865
0.26148
0.3091
0.37855
0.46337
0.55726
0.65352
0.74412
0.82006
0.87276
0.89682
0.89349
0.87116
0.8413
0.81259
0.78687
0.75801
0.7149
0.64889
0.56058
0.45949
0.35854
0.27032
0.20475
0.16328
0.13465
0.10157
0.054839
-0.0014404
-0.058799
-0.11421
-0.16802
-0.21609
-0.25088
-0.27293
-0.29736
-0.34434
-0.42221
-0.51999
-0.61195
-0.66494
-0.64604
-0.5376
-0.35449
-0.14394
0.038914
0.15852
0.20712
0.19738
0.15687
0.12447
0.1357
0.20015
0.29372
0.37532
0.41142
0.38956
0.32123
0.23899
0.1832
0.17829
0.21641
0.26495
0.29037
0.27634
0.22615
0.15572
0.085135
0.031102
0.0017767
-0.0042438
0.0049394
0.018572
0.025854
0.016286
-0.020398
-0.092186
-0.20146
-0.34323
-0.50396
-0.65814
-0.76769
-0.79456
-0.72447
-0.5815
-0.41839
-0.29144
-0.2405
-0.27987
-0.39322
-0.53483
-0.64727
-0.68945
-0.65175
-0.54918
-0.40889
-0.26531
-0.15345
-0.092433
-0.074428
-0.074253
-0.067647
-0.038467
0.022081
0.11077
0.20807
0.28895
0.34125
0.36973
0.38429
0.39182
0.39931
0.4157
0.44657
0.49118
0.54523
0.5997
0.63604
0.63201
0.57996
0.49674
0.41164
0.34741
0.31302
0.30572
0.31037
0.30067
0.25259
0.162
0.046493
-0.070125
-0.17012
-0.23908
-0.2612
-0.22656
-0.14295
-0.036095
0.06113
0.11802
0.11228
0.040279
-0.073366
-0.1828
-0.24577
-0.24488
-0.18803
-0.095766
0.0066723
0.091921
0.13855
0.14418
0.12882
0.1221
0.14629
0.20771
0.29431
0.37527
0.40962
0.36849
0.25546
0.10474
-0.03984
-0.14338
-0.18601
-0.1652
-0.098536
-0.01786
0.048241
0.089114
0.11048
0.12258
0.13241
0.14232
0.14726
0.13203
0.078468
-0.018304
-0.14117
-0.25969
-0.34496
-0.37631
-0.34283
-0.24856
-0.11647
0.020145
0.13446
0.21559
0.2649
0.28843
0.29246
0.27942
0.24295
0.16903
0.048051
-0.11007
-0.27184
-0.39305
-0.43933
-0.4014
-0.30008
-0.18184
-0.10352
-0.10713
-0.19758
-0.34003
-0.47734
-0.5534
-0.53248
-0.41467
-0.24106
-0.076678
0.02471
0.047226
0.011255
-0.047064
-0.093876
-0.10696
-0.082057
-0.034412
0.011547
0.039214
0.04803
0.047739
0.049304
0.061591
0.09023
0.13361
0.18107
0.22008
0.24705
0.26874
0.2922
0.31551
0.32873
0.31988
0.27828
0.19827
0.088401
-0.022544
-0.09537
-0.10156
-0.037966
0.073199
0.19357
0.28327
0.3197
0.31056
0.28702
0.28054
0.30343
0.34603
0.38541
0.39674
0.36525
0.29545
0.20895
0.1294
0.068108
0.023002
-0.013847
-0.052482
-0.10497
-0.17932
-0.26866
-0.34978
-0.39523
-0.38627
-0.31632
-0.19242
-0.041105
0.093782
0.17468
0.19819
0.19346
0.19001
0.19395
0.19561
0.18551
0.15488
0.095618
0.014778
-0.059836
-0.10273
-0.11287
-0.10197
-0.072019
-0.021466
0.034026
0.067631
0.06828
0.046789
0.015827
-0.021271
-0.0605
-0.091385
-0.1078
-0.11486
-0.11919
-0.11975
-0.11364
-0.10416
-0.096268
-0.088256
-0.074538
-0.055019
-0.0365
-0.025508
-0.023576
-0.028618
-0.036643
-0.042089
-0.040932
-0.035915
-0.036651
-0.051786
-0.080234
-0.11015
-0.1263
-0.1192
-0.089471
-0.046424
-0.003057
0.030056
0.04976
0.061012
0.072109
0.088333
0.10936
0.13082
0.14623
0.14819
0.13088
0.093947
0.044022
-0.0079423
-0.050291
-0.072038
-0.063961
-0.02264
0.044659
0.1201
0.18192
0.21272
0.20433
0.15904
0.089176
0.014275
-0.04452
-0.071121
-0.058973
-0.012894
0.050669
0.1063
0.12808
0.10273
0.039631
-0.03095
-0.072748
-0.062731
-0.0030852
0.079884
0.14817
0.17024
0.13731
0.068317
-0.0015863
-0.041496
-0.039218
-0.0019692
0.051341
0.098798
0.12409
0.12447
0.1121
0.10503
0.11432
0.13846
0.16728
0.18852
0.19168
0.17106
0.12937
0.078295
0.03289
0.003857
-0.0060331
-0.001008
0.0096406
0.014627
0.0067507
-0.011527
-0.029555
-0.037079
-0.032323
-0.023012
-0.020712
-0.033503
-0.061569
-0.0971
-0.12734
-0.13963
-0.12786
-0.097269
-0.062555
-0.039263
-0.035559
-0.050185
-0.074524
-0.095238
-0.099051
-0.080614
-0.047381
-0.015282
0.0012674
-0.0036903
-0.026576
-0.055885
-0.075392
-0.070425
-0.03507
0.025092
0.096358
0.16286
0.21158
0.23586
0.23669
0.2209
0.19697
0.17152
0.14817
0.12834
0.11256
0.10142
0.095706
0.095454
0.099127
0.10352
0.10415
0.095777
0.073781
0.037029
-0.0097574
-0.057403
-0.097801
-0.12923
-0.15664
-0.18684
-0.2229
-0.26138
-0.29337
-0.30859
-0.30101
-0.2725
-0.23157
-0.18859
-0.15151
-0.12411
-0.10536
-0.089505
-0.069004
-0.040003
-0.0059601
0.024359
0.042981
0.048644
0.049794
0.062952
0.10507
0.18252
0.28422
0.38468
0.45441
0.47103
0.4272
0.3343
0.21949
0.11503
0.044557
0.015275
0.01951
0.041969
0.067387
0.086786
0.10073
0.11619
0.13768
0.16105
0.17641
0.17604
0.15791
0.12414
0.080336
0.035751
-0.00092714
-0.028038
-0.051091
-0.07572
-0.10248
-0.12777
-0.1455
-0.14701
-0.12485
-0.081425
-0.033089
-0.0026277
-0.0065671
-0.047481
-0.11321
-0.17978
-0.21827
-0.20671
-0.14222
-0.044613
0.051465
0.11167
0.11679
0.071067
0.00036755
-0.05951
-0.079781
-0.053004
0.0029712
0.05451
0.07035
0.038206
-0.028751
-0.097792
-0.13174
-0.10677
-0.024266
0.089847
0.19737
0.2639
0.27101
0.2215
0.13704
0.049269
-0.01198
-0.028288
0.0024472
0.065731
0.13468
0.17873
0.17453
0.11502
0.012953
-0.10257
-0.19634
-0.24058
-0.22603
-0.16579
-0.089918
-0.031599
-0.011191
-0.027777
-0.063658
-0.096852
-0.11237
-0.10772
-0.092536
-0.082346
-0.088868
-0.11294
-0.14455
-0.16809
-0.16892
-0.13998
-0.086205
-0.023028
0.031773
0.066931
0.08176
0.085103
0.090809
0.11071
0.1484
0.19877
0.25299
0.30228
0.33764
0.34998
0.3336
0.28936
0.2249
0.15361
0.093062
0.058733
0.054535
0.069327
0.084177
0.083589
0.062322
0.027147
-0.0050178
-0.01452
0.0093801
0.061466
0.12444
0.17869
0.20933
0.20865
0.17718
0.123
0.05773
-0.0080438
-0.06623
-0.11085
-0.13952
-0.15557
-0.16603
-0.17574
-0.18309
-0.18099
-0.16183
-0.12306
-0.070949
-0.019897
0.013741
0.020463
0.0031072
-0.024639
-0.046011
-0.051182
-0.043469
-0.036563
-0.043825
-0.067816
-0.09806
-0.11751
-0.11217
-0.078645
-0.027117
0.021885
0.046184
0.031928
-0.020427
-0.095753
-0.16778
-0.20575
-0.18471
-0.096926
0.041815
0.19554
0.3198
0.3772
0.35216
0.25997
0.14327
0.054392
0.031038
0.079349
0.17294
0.26576
0.31094
0.27893
0.17036
0.017844
-0.12634
-0.21201
-0.21194
-0.13301
-0.01419
0.088749
0.12725
0.08198
-0.028478
-0.156
-0.2441
-0.25343
-0.1806
-0.059723
0.055519
0.1182
0.10852
0.040435
-0.046625
-0.10834
-0.11877
-0.081398
-0.021591
0.030019
0.050954
0.034939
-0.0037289
-0.034429
-0.026982
0.028629
0.11543
0.19947
0.24681
0.23801
0.17765
0.095782
0.035846
0.031094
0.084288
0.16564
0.22923
0.2361
0.17337
0.063071
-0.045025
-0.098175
-0.070363
0.023547
0.13806
0.22112
0.23628
0.17598
0.064316
-0.05288
-0.12933
-0.13974
-0.088759
-0.005123
0.071816
0.10632
0.078661
-0.0075157
-0.12719
-0.2447
-0.3268
-0.35263
-0.31973
-0.2446
-0.15549
-0.079734
-0.033978
-0.021776
-0.03637
-0.065387
-0.09617
-0.11866
-0.12336
-0.09949
-0.04085
0.044192
0.13153
0.19315
0.21137
0.18523
0.12989
0.072358
0.042046
0.056493
0.11135
0.18318
0.24198
0.26364
0.23747
0.17016
0.085509
0.016264
-0.010598
0.013272
0.074975
0.14739
0.19962
0.20749
0.16373
0.083574
-0.0012521
-0.059743
-0.078342
-0.066099
-0.047313
-0.047587
-0.079292
-0.13279
-0.18016
-0.19148
-0.15296
-0.07529
0.010781
0.067123
0.0651
0.0015111
-0.095538
-0.17763
-0.19921
-0.13981
-0.015009
0.12806
0.23024
0.24914
0.18226
0.069634
-0.026935
-0.05564
-0.00074721
0.10937
0.21625
0.26121
0.21543
0.093848
-0.053349
-0.16472
-0.19429
-0.12986
0.0027917
0.15057
0.25424
0.27234
0.19787
0.059861
-0.090007
-0.19858
-0.231
-0.18301
-0.0815
0.028637
0.10583
0.12976
0.1068
0.062911
0.029423
0.02716
0.055766
0.094581
0.11528
0.098148
0.042153
-0.035213
-0.10641
-0.14557
-0.13868
-0.088734
-0.014434
0.057765
0.10527
0.11811
0.099932
0.062788
0.021278
-0.012193
-0.031997
-0.042149
-0.053537
-0.075702
-0.109
-0.14286
-0.1608
-0.14896
-0.10352
-0.033604
0.04238
0.10577
0.14694
0.16806
0.1773
0.1799
0.17399
0.15289
0.11061
0.047401
-0.025731
-0.086816
-0.11113
-0.085876
-0.021274
0.05161
0.095472
0.084817
0.018575
-0.077341
-0.15973
-0.18824
-0.14623
-0.048658
0.067936
0.16479
0.21705
0.22122
0.19406
0.16286
0.14926
0.15574
0.16484
0.1511
0.096569
0.0012254
-0.11452
-0.21591
-0.2685
-0.25588
-0.18897
-0.10023
-0.027107
0.0041759
-0.012408
-0.061936
-0.11525
-0.14189
-0.12414
-0.064665
0.016223
0.090405
0.13373
0.13613
0.10654
0.068865
0.049257
0.062118
0.10293
0.15067
0.17782
0.16411
0.10835
0.03076
-0.036806
-0.067076
-0.05015
0.0031035
0.067314
0.11522
0.1308
0.11612
0.088781
0.072071
0.083006
0.12312
0.17678
0.21928
0.23053
0.20535
0.15461
0.098558
0.056793
0.038999
0.04092
0.048828
0.049955
0.040788
0.027278
0.018738
0.020922
0.031464
0.03896
0.02775
-0.011799
-0.073922
-0.13727
-0.17517
-0.16944
-0.12018
-0.047477
0.015832
0.038507
0.0053866
-0.075877
-0.1785
-0.26735
-0.31227
-0.29989
-0.23871
-0.1536
-0.072831
-0.015434
0.01528
0.030765
0.049535
0.084847
0.13398
0.17684
0.18586
0.14099
0.041326
-0.091229
-0.21728
-0.2938
-0.2926
-0.21433
-0.089025
0.037755
0.12478
0.15124
0.12296
0.06664
0.014814
-0.010575
-0.0067427
0.012438
0.025974
0.016672
-0.020162
-0.073454
-0.12143
-0.1434
-0.13069
-0.089255
-0.034096
0.018866
0.058834
0.083403
0.098304
0.11222
0.12922
0.14568
0.1545
0.15146
0.13742
0.11717
0.098372
0.089633
0.095652
0.11306
0.13292
0.148
0.15696
0.16244
0.16789
0.17638
0.1886
0.1996
0.19973
0.18211
0.14915
0.11059
0.075941
0.050315
0.03513
0.029053
0.028057
0.0278
0.027765
0.032232
0.046959
0.075724
0.11864
0.16995
0.21581
0.23761
0.22235
0.17201
0.10292
0.036639
-0.0090394
-0.024244
-0.0088931
0.026716
0.065712
0.092946
0.10136
0.091797
0.069372
0.040941
0.012757
-0.013231
-0.040364
-0.071755
-0.1034
-0.12484
-0.12783
-0.11386
-0.093993
-0.083188
-0.093652
-0.12889
-0.17998
-0.22855
-0.25734
-0.26046
-0.2446
-0.22202
-0.20368
-0.19646
-0.20206
-0.21624
-0.23061
-0.23718
-0.23166
-0.21333
-0.18434
-0.15061
-0.12203
-0.10879
-0.11599
-0.1404
-0.17117
-0.19305
-0.19184
-0.16107
-0.1062
-0.042059
0.015166
0.055679
0.079059
0.092837
0.10825
0.13391
0.16962
0.20484
0.22362
0.21241
0.16606
0.090714
0.0042936
-0.067085
-0.09775
-0.072761
0.0060205
0.12049
0.24157
0.33726
0.38261
0.36918
0.30831
0.22552
0.14986
0.10412
0.098371
0.12644
0.16748
0.19532
0.19175
0.15513
0.099439
0.047401
0.021989
0.037856
0.094859
0.17833
0.26688
0.34143
0.38916
0.40347
0.3843
0.33878
0.27942
0.22025
0.17387
0.14944
0.14998
0.1704
0.20005
0.22866
0.24978
0.25968
0.25539
0.23545
0.20092
0.15453
0.099932
0.042692
-0.0097098
-0.051285
-0.081399
-0.10503
-0.1299
-0.16302
-0.20711
-0.25727
-0.30103
-0.32398
-0.31711
-0.28096
-0.22575
-0.16969
-0.13502
-0.14035
-0.19132
-0.27537
-0.36438
-0.4245
-0.42975
-0.37427
-0.27683
-0.17415
-0.10549
-0.096289
-0.1479
-0.23681
-0.32328
-0.36698
-0.34473
-0.26291
-0.15691
-0.076014
-0.060855
-0.12417
-0.24318
-0.36681
-0.43607
-0.41044
-0.28731
-0.10474
0.073292
0.18167
0.17991
0.06985
-0.10345
-0.27025
-0.36486
-0.34974
-0.22661
-0.033396
0.1707
0.32816
0.40449
0.39802
0.3356
0.25978
0.21257
0.21948
0.27931
0.36605
0.44262
0.47859
0.46307
0.40901
0.34777
0.31512
0.33417
0.4044
0.50221
0.59087
0.63415
0.60962
0.51794
0.38343
0.24471
0.14003
0.093656
0.1072
0.15874
0.21215
0.23393
0.20886
0.1455
0.070398
0.015096
0.0018439
0.033338
0.091077
0.14357
0.16032
0.12443
0.038534
-0.076857
-0.19083
-0.27292
-0.30436
-0.285
-0.23222
-0.17235
-0.12961
-0.11716
-0.13311
-0.16228
-0.18391
-0.18195
-0.15268
-0.10569
-0.058893
-0.030604
-0.032033
-0.062478
-0.1096
-0.15546
-0.18517
-0.19235
-0.17858
-0.1493
-0.11073
-0.068741
-0.027699
0.010541
0.045494
0.074927
0.093711
0.096448
0.080471
0.045999
-0.0045114
-0.065173
-0.12625
-0.17766
-0.21316
-0.23002
-0.22665
-0.20386
-0.16843
-0.13218
-0.10632
-0.09757
-0.10807
-0.13505
-0.16935
-0.1975
-0.20826
-0.19791
-0.17075
-0.13707
-0.11096
-0.1054
-0.12439
-0.1579
-0.18506
-0.18392
-0.14113
-0.05819
0.047348
0.14731
0.21514
0.23837
0.22303
0.18811
0.1553
0.13987
0.14492
0.16145
0.175
0.17482
0.15895
0.13364
0.11029
0.10205
0.1193
0.16524
0.23449
0.31487
0.39018
0.44394
0.46534
0.45439
0.42129
0.38018
0.34228
0.31218
0.28694
0.25799
0.21642
0.15963
0.093956
0.031026
-0.018934
-0.051428
-0.06775
-0.072439
-0.070151
-0.062933
-0.049286
-0.026536
0.0046275
0.037692
0.062763
0.071712
0.061765
0.036153
0.0030394
-0.027205
-0.046913
-0.055491
-0.05871
-0.063022
-0.070417
-0.077521
-0.077274
-0.061196
-0.023169
0.035684
0.1051
0.16913
0.21206
0.2233
0.20058
0.15104
0.088423
0.027071
-0.023638
-0.061667
-0.09119
-0.1183
-0.1452
-0.16732
-0.17638
-0.16684
-0.13996
-0.1038
-0.070464
-0.051411
-0.052279
-0.070433
-0.097238
-0.12234
-0.13656
-0.13402
-0.1153
-0.089212
-0.069853
-0.069926
-0.094963
-0.14075
-0.19381
-0.23552
-0.24969
-0.22974
-0.18108
-0.1186
-0.06182
-0.028713
-0.029301
-0.062528
-0.11839
-0.18206
-0.23653
-0.26548
-0.25896
-0.2185
-0.15658
-0.090459
-0.035237
0.00062863
0.016899
0.019852
0.017797
0.017397
0.023641
0.041212
0.073341
0.11865
0.16954
0.21358
0.23757
0.23395
0.20764
0.17708
0.16645
0.19382
0.26275
0.3596
0.45654
0.52131
0.53216
0.48824
0.40736
0.31503
0.23504
0.18461
0.1704
0.18629
0.21746
0.24868
0.26913
0.27172
0.25299
0.2165
0.17361
0.13745
0.1152
0.10565
0.10183
0.094333
0.075036
0.042315
0.0030564
-0.033403
-0.064157
-0.09364
-0.12579
-0.15808
-0.18369
-0.19694
-0.19641
-0.18619
-0.17603
-0.17694
-0.1935
-0.2202
-0.24532
-0.25712
-0.24734
-0.21303
-0.15853
-0.095798
-0.041456
-0.011369
-0.014171
-0.045466
-0.087088
-0.11437
-0.10774
-0.061591
0.012965
0.091568
0.14662
0.16129
0.13837
0.096583
0.057923
0.036913
0.036864
0.050455
0.062819
0.05886
0.032939
-0.0066832
-0.043116
-0.06084
-0.052672
-0.021948
0.018347
0.050696
0.062888
0.055773
0.040836
0.029721
0.025869
0.023746
0.013195
-0.014399
-0.060094
-0.11534
-0.16642
-0.20106
-0.21108
-0.19212
-0.14563
-0.082014
-0.018378
0.029979
0.056411
0.062737
0.05538
0.042279
0.029618
0.018324
0.0053801
-0.0091612
-0.01846
-0.014558
0.0041
0.032661
0.064346
0.092032
0.10883
0.11232
0.1081
0.10672
0.11774
0.14738
0.19725
0.26
0.31654
0.34209
0.31876
0.24598
0.14293
0.042055
-0.024596
-0.039814
-0.007907
0.049199
0.10167
0.12256
0.098013
0.033747
-0.046957
-0.1135
-0.14012
-0.11549
-0.049072
0.029245
0.081703
0.083501
0.036072
-0.037722
-0.10872
-0.15251
-0.15414
-0.11293
-0.045547
0.021033
0.063911
0.071981
0.042912
-0.019293
-0.10028
-0.17495
-0.21796
-0.21538
-0.1662
-0.078663
0.029806
0.13265
0.20296
0.22628
0.20537
0.15489
0.094897
0.046729
0.026688
0.037661
0.067101
0.095409
0.10753
0.099359
0.078167
0.05937
0.059248
0.085735
0.13383
0.18877
0.23237
0.24802
0.22547
0.16611
0.084193
0.00092678
-0.063996
-0.097575
-0.095035
-0.060667
-0.0075123
0.046988
0.088188
0.10884
0.10847
0.090722
0.061857
0.029529
0.00025265
-0.022458
-0.037426
-0.044835
-0.047452
-0.051708
-0.064862
-0.089718
-0.1224
-0.15523
-0.18091
-0.19371
-0.18814
-0.15984
-0.11077
-0.053264
-0.0058034
0.017592
0.014028
-0.010444
-0.045534
-0.078877
-0.099407
-0.10359
-0.096884
-0.086563
-0.074953
-0.061613
-0.048348
-0.037829
-0.029371
-0.020562
-0.011979
-0.0055303
0.0016897
0.016559
0.040774
0.066258
0.081896
0.081414
0.062945
0.026956
-0.019014
-0.056503
-0.064236
-0.031649
0.036612
0.12487
0.20965
0.2637
0.26828
0.22593
0.15862
0.092876
0.048025
0.033608
0.048564
0.080218
0.11017
0.12643
0.12976
0.12877
0.13206
0.14594
0.1742
0.21378
0.25159
0.27087
0.26266
0.22965
0.18014
0.12288
0.067224
0.022088
-0.0089318
-0.028473
-0.040033
-0.044515
-0.042903
-0.038292
-0.032715
-0.024589
-0.011937
0.0029897
0.014019
0.01525
0.0041765
-0.018088
-0.048132
-0.08169
-0.11419
-0.14018
-0.15338
-0.14884
-0.1257
-0.087959
-0.04334
-0.0019114
0.026947
0.039854
0.042066
0.042484
0.045529
0.049115
0.049253
0.043655
0.031717
0.015258
-5.0543e-06
-0.0077027
-0.0074147
-0.0054848
-0.0082263
-0.017072
-0.030709
-0.047132
-0.060995
-0.063323
-0.048536
-0.020431
0.011255
0.038101
0.054632
0.056478
0.04258
0.01941
-0.0009596
-0.008559
-2.2827e-05
0.02349
0.058464
0.097024
0.1264
0.13538
0.12201
0.093334
0.058349
0.024017
-0.0029685
-0.01576
-0.012034
0.0025301
0.018177
0.0283
0.031547
0.028683
0.021818
0.017573
0.025377
0.047396
0.072222
0.083247
0.0723
0.042083
-0.00052402
-0.046216
-0.080309
-0.087664
-0.064628
-0.022563
0.021437
0.053774
0.065653
0.053237
0.021496
-0.015068
-0.040201
-0.0457
-0.033996
-0.013438
0.0071794
0.021334
0.02641
0.025107
0.023489
0.024628
0.024496
0.016541
3.0252e-05
-0.01859
-0.032084
-0.03758
-0.036389
-0.032177
-0.02924
-0.02978
-0.032726
-0.036518
-0.041274
-0.045921
-0.044903
-0.030698
0.0003643
0.045295
0.095583
0.14
0.1684
0.17561
0.16259
0.13473
0.099363
0.064289
0.037106
0.024949
0.033264
0.062133
0.10293
0.14032
0.15926
0.15139
0.1188
0.076372
0.049768
0.063745
0.12605
0.22098
0.31803
0.38568
0.40007
0.35025
0.24397
0.10883
-0.018065
-0.10652
-0.14292
-0.12998
-0.083955
-0.031524
-0.00047143
-0.004997
-0.037946
-0.077834
-0.10288
-0.10017
-0.068573
-0.019644
0.0243
0.039401
0.013312
-0.047988
-0.12442
-0.19168
-0.22962
-0.22795
-0.19069
-0.13665
-0.091251
-0.07177
-0.077391
-0.092298
-0.097941
-0.083954
-0.052409
-0.015816
0.010185
0.016371
0.0047621
-0.014718
-0.030592
-0.033498
-0.018435
0.01197
0.046421
0.070008
0.072494
0.053429
0.021677
-0.0085579
-0.023264
-0.015212
0.010745
0.038662
0.050519
0.037033
0.0018763
-0.041567
-0.075746
-0.084892
-0.06261
-0.017112
0.032993
0.070153
0.084953
0.073806
0.035562
-0.025753
-0.097724
-0.16359
-0.20911
-0.22362
-0.19822
-0.13064
-0.033594
0.066537
0.14321
0.18247
0.18576
0.16673
0.147
0.14802
0.17971
0.23459
0.29305
0.334
0.34207
0.31071
0.24476
0.16226
0.089915
0.050902
0.05204
0.080673
0.11303
0.12648
0.10856
0.061828
0.0045954
-0.035395
-0.034335
0.015116
0.10013
0.19214
0.25492
0.25677
0.18711
0.067113
-0.05751
-0.13789
-0.14238
-0.067488
0.059824
0.19066
0.2754
0.28694
0.22941
0.12938
0.020947
-0.065389
-0.11082
-0.11378
-0.088584
-0.055022
-0.02696
-0.0092368
-0.0013138
0.0015745
0.010417
0.03758
0.08368
0.13164
0.15847
0.15178
0.11288
0.04934
-0.027869
-0.10359
-0.16443
-0.20738
-0.23713
-0.25563
-0.26147
-0.25923
-0.25981
-0.26681
-0.26906
-0.25223
-0.2148
-0.16945
-0.1336
-0.12228
-0.14394
-0.19325
-0.24791
-0.2807
-0.27777
-0.24205
-0.18086
-0.099957
-0.012305
0.058574
0.093438
0.090553
0.058368
0.002618
-0.070168
-0.1425
-0.19146
-0.20447
-0.18261
-0.13119
-0.056663
0.027294
0.10096
0.15187
0.18293
0.20338
0.21533
0.21502
0.20451
0.19333
0.18571
0.17383
0.14837
0.11052
0.069787
0.037455
0.027997
0.058189
0.13236
0.23018
0.31859
0.37678
0.40381
0.40522
0.38221
0.33558
0.27113
0.19701
0.12194
0.059315
0.026116
0.030854
0.065673
0.11428
0.16353
0.20304
0.21986
0.20384
0.15984
0.10897
0.075594
0.074345
0.10703
0.16378
0.22253
0.25309
0.23217
0.15926
0.055991
-0.049613
-0.13423
-0.17828
-0.16757
-0.1049
-0.014649
0.071601
0.13122
0.15099
0.12383
0.057836
-0.017725
-0.070412
-0.089754
-0.086296
-0.069883
-0.041953
-0.0082745
0.015707
0.017737
-0.0019083
-0.037052
-0.082278
-0.1284
-0.16031
-0.16829
-0.15879
-0.14783
-0.14435
-0.14502
-0.14553
-0.15104
-0.1711
-0.20724
-0.25099
-0.29283
-0.32605
-0.34164
-0.32908
-0.28874
-0.23835
-0.20008
-0.18275
-0.18116
-0.18835
-0.2003
-0.20929
-0.20254
-0.17257
-0.12467
-0.071447
-0.025225
0.0016219
-0.0024964
-0.03751
-0.08454
-0.11851
-0.12826
-0.11908
-0.098851
-0.071109
-0.041859
-0.02182
-0.015373
-0.012386
0.0037808
0.043098
0.10602
0.18665
0.27045
0.33181
0.34447
0.29956
0.21152
0.10765
0.017196
-0.032198
-0.020794
0.050753
0.15746
0.26357
0.33999
0.37051
0.35179
0.29613
0.23136
0.18791
0.18115
0.20574
0.24506
0.28279
0.30703
0.31028
0.29163
0.25922
0.22565
0.19877
0.17932
0.16821
0.17063
0.18995
0.22262
0.26304
0.307
0.34504
0.35951
0.338
0.28728
0.22767
0.17722
0.14758
0.14861
0.18432
0.24288
0.29841
0.3262
0.31444
0.26394
0.18384
0.090793
0.0068514
-0.049369
-0.072858
-0.073525
-0.067706
-0.069041
-0.085303
-0.11873
-0.16623
-0.22072
-0.27493
-0.32419
-0.36561
-0.39669
-0.41634
-0.42594
-0.42682
-0.41708
-0.39351
-0.3575
-0.31741
-0.28372
-0.26303
-0.25714
-0.26485
-0.28276
-0.30688
-0.33592
-0.37024
-0.4045
-0.42574
-0.42495
-0.40968
-0.39987
-0.4104
-0.44004
-0.47455
-0.49311
-0.47251
-0.39626
-0.27014
-0.12796
-0.01579
0.033088
0.011028
-0.065618
-0.1606
-0.22373
-0.20986
-0.10648
0.055426
0.21974
0.3341
0.36698
0.3148
0.20756
0.10343
0.061093
0.10599
0.21957
0.35615
0.46724
0.51945
0.50613
0.45003
0.39005
0.35842
0.36552
0.40142
0.44695
0.48454
0.50428
0.50557
0.4949
0.48108
0.46989
0.46073
0.4486
0.43022
0.40749
0.3839
0.35917
0.33045
0.29795
0.26633
0.24039
0.22229
0.21365
0.21677
0.2319
0.25534
0.28091
0.30091
0.305
0.28176
0.22443
0.13554
0.027259
-0.081625
-0.17216
-0.23386
-0.26849
-0.2843
-0.2876
-0.28014
-0.26106
-0.22881
-0.18383
-0.13261
-0.087948
-0.062832
-0.064058
-0.09139
-0.1406
-0.20558
-0.27792
-0.34615
-0.39802
-0.4261
-0.43133
-0.41902
-0.39131
-0.34557
-0.27955
-0.19571
-0.10206
-0.013228
0.049301
0.063774
0.020659
-0.069111
-0.17744
-0.27069
-0.32145
-0.31561
-0.25575
-0.16237
-0.069426
-0.0096798
0.0027365
-0.023037
-0.066543
-0.10965
-0.14006
-0.15092
-0.14397
-0.12977
-0.11933
-0.11657
-0.1205
-0.12922
-0.13695
-0.13248
-0.10732
-0.063445
-0.0087417
0.052102
0.11721
0.18035
0.22857
0.2464
0.22172
0.1531
0.057278
-0.031219
-0.07349
-0.045243
0.05083
0.185
0.31119
0.38425
0.37802
0.29737
0.17816
0.074053
0.034241
0.080972
0.19771
0.33618
0.43968
0.46827
0.41258
0.29485
0.16001
0.055899
0.0085315
0.010328
0.032141
0.045307
0.034413
-0.00016337
-0.041812
-0.062344
-0.037985
0.032758
0.12702
0.21361
0.27155
0.29732
0.30107
0.2981
0.29932
0.30348
0.29673
0.26135
0.18648
0.073757
-0.061347
-0.18948
-0.27288
-0.28
-0.20197
-0.058764
0.10791
0.24968
0.32789
0.3259
0.25329
0.14118
0.031425
-0.038983
-0.05471
-0.030136
8.8033e-05
0.00205
-0.040693
-0.12224
-0.21694
-0.28656
-0.29442
-0.22289
-0.082675
0.090317
0.24414
0.32331
0.29002
0.14861
-0.049015
-0.22939
-0.3351
-0.34454
-0.27053
-0.15446
-0.057296
-0.033674
-0.096516
-0.20579
-0.29493
-0.30811
-0.22155
-0.052432
0.13807
0.26245
0.25085
0.091028
-0.16791
-0.44162
-0.64062
-0.69624
-0.58591
-0.34735
-0.064741
0.16871
0.28804
0.27524
0.15909
0.0019734
-0.12343
-0.16246
-0.099268
0.040779
0.20456
0.33082
0.37105
0.30936
0.1717
0.014129
-0.10451
-0.14811
-0.11439
-0.030907
0.059598
0.11836
0.12598
0.087344
0.025114
-0.033188
-0.066242
-0.062743
-0.020915
0.049933
0.1284
0.18873
0.21338
0.19639
0.13841
0.048968
-0.044613
-0.10409
-0.10674
-0.061499
0.0041642
0.06542
0.10492
0.11242
0.09592
0.087814
0.12378
0.21122
0.32261
0.415
0.44828
0.39423
0.25113
0.059608
-0.10784
-0.18771
-0.16061
-0.051118
0.095699
0.23387
0.32788
0.36376
0.35431
0.32765
0.30669
0.29824
0.29568
0.28442
0.24585
0.1659
0.048618
-0.078442
-0.17714
-0.21993
-0.20096
-0.13286
-0.040538
0.044033
0.092705
0.095935
0.066028
0.024243
-0.012888
-0.036957
-0.047946
-0.056667
-0.080468
-0.12912
-0.19573
-0.26317
-0.31499
-0.33767
-0.3197
-0.25795
-0.16635
-0.072949
-0.0055602
0.02083
0.0068254
-0.034271
-0.080001
-0.10606
-0.10009
-0.072468
-0.050187
-0.05586
-0.091568
-0.1404
-0.17719
-0.17686
-0.12304
-0.020301
0.10214
0.2057
0.2645
0.27405
0.24546
0.19854
0.15638
0.13502
0.1322
0.12955
0.10868
0.064097
0.0018375
-0.067139
-0.12734
-0.15786
-0.14079
-0.074021
0.026063
0.13308
0.21789
0.25222
0.21886
0.12708
0.014001
-0.07536
-0.11063
-0.083111
-0.0039121
0.095506
0.16855
0.1752
0.10649
-0.011784
-0.1361
-0.22287
-0.23864
-0.17197
-0.045658
0.088813
0.17851
0.19473
0.13782
0.029646
-0.092028
-0.18281
-0.21138
-0.17528
-0.095937
-0.0015149
0.083328
0.14008
0.16209
0.15944
0.15065
0.14639
0.14355
0.13337
0.10987
0.070985
0.020292
-0.0274
-0.048684
-0.028754
0.022732
0.076254
0.10204
0.083762
0.020939
-0.068647
-0.1478
-0.17519
-0.13375
-0.043605
0.054874
0.12642
0.15133
0.12608
0.06638
0.0049564
-0.026457
-0.017084
0.022417
0.074341
0.12122
0.14281
0.12063
0.054371
-0.02988
-0.094097
-0.1112
-0.074863
0.003804
0.099968
0.17976
0.21586
0.20653
0.17564
0.15047
0.14191
0.14495
0.14855
0.13972
0.10702
0.051364
-0.0073659
-0.041422
-0.034621
0.010495
0.079846
0.15481
0.21366
0.23651
0.21651
0.1659
0.10779
0.062313
0.040072
0.043906
0.070421
0.10848
0.14029
0.14865
0.12579
0.076437
0.013369
-0.049093
-0.097955
-0.12255
-0.11828
-0.090092
-0.048943
-0.0045259
0.035217
0.059087
0.054462
0.017124
-0.045059
-0.12009
-0.19828
-0.2682
-0.3129
-0.3178
-0.28185
-0.21771
-0.14304
-0.074813
-0.02832
-0.013543
-0.029701
-0.065795
-0.10713
-0.13915
-0.14674
-0.11707
-0.04971
0.035932
0.10692
0.13407
0.10662
0.035279
-0.053992
-0.13029
-0.17071
-0.17133
-0.14594
-0.11054
-0.069371
-0.019184
0.03565
0.079633
0.09924
0.093208
0.067068
0.024335
-0.030858
-0.087268
-0.13077
-0.15387
-0.15542
-0.13428
-0.092338
-0.04263
-0.0030684
0.02172
0.044333
0.077522
0.12116
0.16803
0.21064
0.23522
0.21986
0.15195
0.046325
-0.06105
-0.13671
-0.16506
-0.14741
-0.095286
-0.023395
0.058686
0.15133
0.25854
0.37556
0.48474
0.56448
0.60077
0.59044
0.5374
0.45058
0.34615
0.2472
0.17585
0.14373
0.15068
0.1906
0.25447
0.32877
0.39715
0.4462
0.46692
0.45096
0.39167
0.29293
0.17436
0.064762
-0.010195
-0.036432
-0.015235
0.035738
0.087069
0.11033
0.092157
0.038535
-0.032522
-0.10072
-0.14848
-0.16365
-0.14444
-0.10516
-0.075388
-0.087942
-0.16033
-0.28325
-0.42401
-0.53852
-0.58444
-0.53838
-0.41567
-0.27251
-0.17662
-0.16698
-0.23641
-0.34382
-0.43751
-0.47637
-0.44691
-0.36888
-0.28102
-0.21556
-0.18188
-0.16931
-0.16079
-0.14476
-0.12094
-0.10172
-0.10786
-0.15427
-0.23186
-0.30404
-0.32802
-0.28385
-0.18417
-0.060985
0.052362
0.1331
0.17775
0.20517
0.24496
0.31613
0.41437
0.51347
0.57102
0.53761
0.38066
0.11561
-0.18508
-0.41937
-0.49893
-0.38157
-0.08724
0.30079
0.65887
0.87285
0.88926
0.73259
0.48212
0.23326
0.064773
0.013843
0.061778
0.14529
0.19569
0.1783
0.10322
0.010818
-0.047206
-0.026353
0.086334
0.25371
0.39989
0.45143
0.3755
0.18838
-0.058688
-0.29709
-0.46037
-0.50957
-0.44978
-0.32051
-0.16933
-0.033158
0.067347
0.12973
0.16761
0.19808
0.22699
0.24632
0.24207
0.20137
0.11752
-0.0026565
-0.13417
-0.23968
-0.28238
-0.2382
-0.10625
0.084049
0.27941
0.425
0.4856
0.45064
0.332
0.16639
0.010538
-0.084329
-0.10105
-0.060131
-0.00083868
0.037356
0.027561
-0.030154
-0.10176
-0.13628
-0.099068
0.0061723
0.1398
0.24407
0.26574
0.1792
0.00024823
-0.22136
-0.42609
-0.56575
-0.61211
-0.56194
-0.4419
-0.30134
-0.18989
-0.13814
-0.15433
-0.22702
-0.32544
-0.40789
-0.44178
-0.41646
-0.33712
-0.21503
-0.067413
0.083592
0.22169
0.34196
0.43932
0.49682
0.49457
0.42987
0.32219
0.19886
0.081973
-0.010532
-0.059428
-0.047559
0.030099
0.15985
0.3102
0.43895
0.50639
0.49308
0.41311
0.3101
0.23232
0.20144
0.19912
0.18157
0.10832
-0.034953
-0.22545
-0.4035
-0.49164
-0.43497
-0.23841
0.031319
0.28009
0.42555
0.41898
0.25636
-0.014698
-0.30746
-0.5363
-0.65692
-0.67195
-0.6089
-0.50427
-0.39939
-0.32582
-0.28253
-0.23759
-0.16079
-0.049995
0.074363
0.18691
0.26349
0.28457
0.24855
0.17961
0.11305
0.072268
0.063052
0.084078
0.13352
0.206
0.29069
0.37447
0.44299
0.47954
0.47057
0.41818
0.34555
0.28589
0.26352
0.28183
0.32257
0.35381
0.34437
0.28066
0.17464
0.055436
-0.047518
-0.11457
-0.13652
-0.11527
-0.066012
-0.012024
0.027581
0.04221
0.022606
-0.04011
-0.14042
-0.24997
-0.33287
-0.3682
-0.35406
-0.29917
-0.22245
-0.15506
-0.12598
-0.14049
-0.17903
-0.21586
-0.23025
-0.20357
-0.1224
0.0066805
0.15223
0.275
0.34937
0.37065
0.35165
0.31766
0.2973
0.30593
0.33268
0.34547
0.31327
0.22753
0.10584
-0.02191
-0.12941
-0.1999
-0.22546
-0.20775
-0.15928
-0.0993
-0.046637
-0.016683
-0.019955
-0.054761
-0.10041
-0.12675
-0.11784
-0.085606
-0.058381
-0.058713
-0.092288
-0.15071
-0.21799
-0.27752
-0.32005
-0.34597
-0.3566
-0.34557
-0.30439
-0.23605
-0.1588
-0.096509
-0.067428
-0.077044
-0.11283
-0.1452
-0.14108
-0.082227
0.026769
0.1622
0.2874
0.36135
0.35622
0.276
0.15674
0.045057
-0.024198
-0.034754
0.012752
0.099581
0.19134
0.25368
0.27082
0.24913
0.20779
0.17047
0.15946
0.18488
0.23449
0.27809
0.28569
0.24439
0.16258
0.063007
-0.027327
-0.083928
-0.089305
-0.040122
0.0465
0.1388
0.20748
0.23678
0.22139
0.16251
0.072583
-0.022837
-0.097207
-0.13709
-0.14231
-0.11738
-0.069174
-0.0088079
0.053453
0.11564
0.17865
0.23261
0.25752
0.2404
0.18534
0.10716
0.025587
-0.034065
-0.05054
-0.025498
0.01527
0.044395
0.050833
0.037681
0.016409
0.0064883
0.026945
0.079464
0.14515
0.20135
0.23639
0.24693
0.22953
0.18043
0.099869
-0.0068076
-0.12904
-0.24846
-0.34089
-0.38896
-0.39526
-0.38011
-0.3644
-0.35489
-0.34327
-0.3153
-0.26077
-0.18129
-0.093911
-0.026659
-0.0054084
-0.040134
-0.12102
-0.22474
-0.32147
-0.37862
-0.36888
-0.28587
-0.15366
-0.016502
0.0825
0.11424
0.066454
-0.050951
-0.1999
-0.32297
-0.3674
-0.30541
-0.14149
0.086297
0.31202
0.46579
0.50885
0.45077
0.3355
0.21512
0.13181
0.10758
0.13747
0.19317
0.2392
0.24806
0.20456
0.10718
-0.025774
-0.15346
-0.22515
-0.20485
-0.091403
0.079131
0.24906
0.36245
0.38593
0.32219
0.2127
0.12209
0.10547
0.17982
0.32133
0.48407
0.61734
0.67502
0.62878
0.4841
0.28003
0.067681
-0.11009
-0.2225
-0.25238
-0.20815
-0.12882
-0.062325
-0.03526
-0.045893
-0.078556
-0.11333
-0.12798
-0.10885
-0.064732
-0.018832
0.016742
0.050098
0.091431
0.13529
0.16429
0.16281
0.1244
0.054979
-0.024666
-0.084538
-0.10164
-0.073
-0.013475
0.055359
0.11233
0.13838
0.11998
0.055893
-0.03851
-0.13466
-0.20211
-0.22364
-0.20521
-0.17215
-0.15395
-0.17097
-0.23039
-0.32552
-0.43374
-0.52142
-0.56137
-0.54857
-0.49728
-0.42695
-0.3574
-0.3125
-0.31223
-0.35295
-0.40237
-0.42144
-0.38883
-0.30524
-0.1869
-0.064217
0.024561
0.055922
0.040579
0.015366
0.018212
0.07402
0.19281
0.36334
0.54635
0.6868
0.74094
0.69349
0.55777
0.37232
0.19453
0.078882
0.049368
0.094018
0.18405
0.28974
0.38131
0.4331
0.43773
0.40855
0.36184
0.30369
0.23779
0.17414
0.11996
0.06994
0.016597
-0.034599
-0.071394
-0.092705
-0.10834
-0.12053
-0.11626
-0.080441
-0.0080972
0.097274
0.22533
0.35258
0.4453
0.48099
0.4665
0.43026
0.40067
0.39539
0.42127
0.47033
0.516
0.52567
0.48427
0.40476
0.31647
0.2468
0.21028
0.2037
0.20499
0.1822
0.11365
0.0038411
-0.12023
-0.22801
-0.3014
-0.3393
-0.35559
-0.3742
-0.418
-0.49465
-0.59117
-0.68334
-0.75014
-0.78137
-0.77782
-0.74972
-0.71521
-0.69594
-0.70959
-0.76184
-0.84023
-0.91391
-0.94478
-0.90717
-0.80215
-0.65445
-0.49641
-0.35356
-0.23838
-0.14812
-0.065465
0.032969
0.16074
0.3098
0.45238
0.55419
0.58994
0.55593
0.4759
0.39434
0.35597
0.38324
0.46773
0.57831
0.67522
0.72218
0.69815
0.60892
0.48892
0.38599
0.33701
0.35067
0.40534
0.45898
0.46617
0.39791
0.25659
0.077202
-0.087499
-0.19082
-0.21288
-0.16907
-0.10259
-0.064085
-0.087801
-0.17639
-0.30159
-0.41744
-0.47737
-0.45002
-0.33189
-0.15105
0.044351
0.2079
0.31233
0.3534
0.34441
0.30952
0.27736
0.27208
0.30257
0.35659
0.40642
0.42445
0.39938
0.34394
0.29192
0.28553
0.35506
0.49826
0.67429
0.82072
0.88263
0.83412
0.68528
0.47991
0.28355
0.15608
0.1202
0.15182
0.20087
0.22057
0.18279
0.082043
-0.061656
-0.20695
-0.31185
-0.35976
-0.36776
-0.37221
-0.40785
-0.49368
-0.62417
-0.76618
-0.87112
-0.90386
-0.86747
-0.80134
-0.75564
-0.76539
-0.83736
-0.94557
-1.0357
-1.0478
-0.9516
-0.7658
-0.54407
-0.34598
-0.21622
-0.17298
-0.19854
-0.24217
-0.24611
-0.17789
-0.042161
0.13044
0.29929
0.42662
0.49137
0.49988
0.48099
0.46693
0.47735
0.51683
0.5783
0.64411
0.68871
0.68936
0.63864
0.54741
0.43722
0.33122
0.24773
0.19368
0.16082
0.1319
0.094251
0.047581
-0.00011938
-0.039942
-0.065291
-0.073563
-0.068664
-0.059904
-0.055781
-0.059635
-0.071642
-0.09161
-0.11689
-0.13922
-0.14677
-0.12972
-0.083682
-0.01086
0.078896
0.16986
0.24827
0.30965
0.35641
0.38892
0.4025
0.39329
0.3633
0.3189
0.26774
0.21786
0.17554
0.1415
0.1113
0.081642
0.055128
0.0384
0.037623
0.056287
0.093357
0.13973
0.17818
0.1921
0.17769
0.14799
0.12498
0.12678
0.15849
0.20872
0.25222
0.26024
0.21675
0.13043
0.031021
-0.048834
-0.09246
-0.10524
-0.1063
-0.11392
-0.13382
-0.15576
-0.15999
-0.13017
-0.064663
0.021021
0.099774
0.14108
0.11937
0.023859
-0.1323
-0.3116
-0.46509
-0.55315
-0.56169
-0.50535
-0.41723
-0.33187
-0.27003
-0.23229
-0.20291
-0.16133
-0.09675
-0.018784
0.043626
0.057217
0.0037964
-0.10919
-0.25112
-0.3783
-0.447
-0.4289
-0.32434
-0.16484
-0.0011783
0.11579
0.15246
0.10427
-0.00057073
-0.11018
-0.17112
-0.15286
-0.060206
0.071467
0.1929
0.26125
0.25713
0.19172
0.099679
0.021278
-0.015879
-0.0061589
0.035554
0.082276
0.10616
0.089056
0.028806
-0.060951
-0.15557
-0.226
-0.2463
-0.20147
-0.092059
0.066705
0.24914
0.42354
0.55755
0.62578
0.61682
0.53625
0.40598
0.26082
0.14017
0.073996
0.069703
0.10956
0.16135
0.19513
0.197
0.17483
0.15459
0.16711
0.22941
0.33136
0.43762
0.50407
0.49815
0.41291
0.27093
0.11672
-0.0014036
-0.052366
-0.034528
0.027246
0.095789
0.13903
0.14366
0.11931
0.089759
0.075856
0.082441
0.098509
0.10789
0.10035
0.076519
0.046573
0.024333
0.019099
0.029407
0.042564
0.039716
0.0037118
-0.072448
-0.17953
-0.29276
-0.38102
-0.42028
-0.40436
-0.34784
-0.28014
-0.23443
-0.23628
-0.29477
-0.39684
-0.50931
-0.5918
-0.61455
-0.56889
-0.46573
-0.3288
-0.18826
-0.072466
0.0031913
0.042658
0.063121
0.081075
0.10286
0.12476
0.13731
0.12976
0.09619
0.042607
-0.012824
-0.049519
-0.055171
-0.027847
0.027443
0.099483
0.1706
0.22322
0.25021
0.25639
0.24851
0.22697
0.18909
0.13647
0.075882
0.01618
-0.032238
-0.059059
-0.062609
-0.057284
-0.066736
-0.10582
-0.16863
-0.23211
-0.2687
-0.25836
-0.19657
-0.097645
0.0092899
0.092117
0.12969
0.12004
0.080156
0.040586
0.037003
0.096692
0.22193
0.38217
0.52558
0.60432
0.59605
0.51072
0.38461
0.26582
0.1944
0.18467
0.22131
0.27205
0.30662
0.30875
0.27804
0.22573
0.16781
0.11736
0.079871
0.054185
0.036601
0.023082
0.0087907
-0.011609
-0.041352
-0.078927
-0.11796
-0.1499
-0.16772
-0.16841
-0.15306
-0.12524
-0.089067
-0.047471
-0.0015959
0.047335
0.095259
0.13596
0.16578
0.18689
0.20509
0.22553
0.25112
0.28182
0.31135
0.32461
0.30247
0.23321
0.12135
-0.013122
-0.14258
-0.2413
-0.29423
-0.30362
-0.28847
-0.27414
-0.27815
-0.30207
-0.33334
-0.35319
-0.34727
-0.31664
-0.28279
-0.27941
-0.33262
-0.44306
-0.58253
-0.70547
-0.76712
-0.74006
-0.62421
-0.44583
-0.24598
-0.065487
0.066006
0.13515
0.14513
0.11156
0.056372
0.0033306
-0.025339
-0.015062
0.033844
0.10488
0.17275
0.21436
0.21784
0.18707
0.14001
0.10103
0.092414
0.12983
0.21866
0.34762
0.48518
0.58725
0.61423
0.54735
0.3994
0.21845
0.077534
0.045482
0.15138
0.36692
0.61736
0.81201
0.88086
0.80605
0.63238
0.44469
0.32269
0.30333
0.37101
0.47122
0.53501
0.5079
0.37594
0.17336
-0.036876
-0.19564
-0.27037
-0.25947
-0.18703
-0.094262
-0.026388
-0.017707
-0.083592
-0.22106
-0.40921
-0.60734
-0.76167
-0.82678
-0.78747
-0.66286
-0.49313
-0.32268
-0.18487
-0.087654
-0.0091701
0.083775
0.20396
0.32822
0.41225
0.41904
0.33849
0.19328
0.033582
-0.081782
-0.11429
-0.065479
0.029659
0.12846
0.20174
0.23767
0.23621
0.20552
0.15993
0.11465
0.079432
0.05688
0.043325
0.026729
-0.014593
-0.10329
-0.24633
-0.42499
-0.60095
-0.73206
-0.7868
-0.75354
-0.64586
-0.50117
-0.36867
-0.29095
-0.2887
-0.3541
-0.45267
-0.53432
-0.55284
-0.48549
-0.34165
-0.1589
0.0083905
0.10784
0.11334
0.041025
-0.058157
-0.12462
-0.1158
-0.020667
0.13665
0.30686
0.43996
0.51013
0.52255
0.50146
0.47493
0.46616
0.4887
0.54314
0.61708
0.68876
0.73255
0.72651
0.66176
0.54847
0.41336
0.29091
0.21317
0.19939
0.24696
0.33021
0.41145
0.45743
0.45092
0.39506
0.31259
0.23692
0.19395
0.18724
0.2002
0.21055
0.2005
0.15896
0.08576
-0.0020304
-0.073957
-0.10228
-0.075581
-0.0008848
0.099097
0.18929
0.2336
0.21472
0.14542
0.058698
-0.01355
-0.054928
-0.066309
-0.060065
-0.050257
-0.042066
-0.028511
0.00058963
0.044884
0.087995
0.10457
0.072636
-0.017853
-0.16331
-0.34826
-0.54762
-0.7313
-0.87337
-0.96169
-1
-1.0012
-0.97899
-0.94306
-0.89447
-0.82317
-0.71433
-0.56362
-0.38805
-0.2212
-0.097881
-0.040814
-0.053113
-0.11583
-0.19388
-0.25242
-0.27353
-0.25863
-0.21676
-0.15293
-0.06697
0.041272
0.16706
0.29704
0.40744
0.47008
0.46735
0.40504
0.31077
0.21961
0.15953
0.1434
0.16549
0.20267
0.22449
0.20964
0.15704
0.084799
0.021767
-0.0017848
0.034983
0.13136
0.26051
0.38008
0.45193
0.45725
0.40116
0.31001
0.22242
0.173
0.17512
0.21577
0.26667
0.30151
0.30756
0.28935
0.26669
0.26688
0.31098
0.4005
0.51425
0.61846
0.68374
0.69701
0.6628
0.5964
0.5158
0.4362
0.36811
0.31762
0.28674
0.27238
0.26496
0.25012
0.21497
0.15602
0.082807
0.013679
-0.03395
-0.053235
-0.052454
-0.05236
-0.076865
-0.14071
-0.24051
-0.35453
-0.45168
-0.5047
-0.5013
-0.44861
-0.37045
-0.29971
-0.26831
-0.29568
-0.37919
-0.4934
-0.60121
-0.67022
-0.68323
-0.63956
-0.55201
-0.443
-0.33922
-0.26406
-0.2302
-0.23546
-0.26329
-0.28831
-0.28635
-0.24667
-0.17941
-0.1108
-0.067737
-0.063427
-0.093525
-0.14131
-0.18527
-0.20706
-0.19948
-0.16966
-0.13353
-0.10596
-0.094808
-0.10113
-0.12078
-0.14337
-0.15235
-0.13165
-0.075816
0.007132
0.10317
0.19967
0.28469
0.34458
0.36913
0.35986
0.33156
0.30671
0.30878
0.35444
0.44297
0.55052
0.63909
0.6756
0.64552
0.55529
0.42963
0.30634
0.22391
0.20337
0.23751
0.29523
0.33549
0.32267
0.24213
0.11173
-0.022189
-0.10763
-0.11312
-0.040238
0.078763
0.19139
0.24406
0.20851
0.099387
-0.033153
-0.13038
-0.15076
-0.083857
0.046038
0.18834
0.28989
0.32271
0.29416
0.23334
0.1699
0.12187
0.093445
0.077352
0.061689
0.040321
0.018633
0.007977
0.014345
0.032636
0.050246
0.054626
0.039322
0.0072754
-0.028983
-0.05212
-0.049842
-0.024262
0.0072927
0.022086
0.0049372
-0.044456
-0.11102
-0.16811
-0.18755
-0.1568
-0.0926
-0.03639
-0.032289
-0.10419
-0.24477
-0.4169
-0.56579
-0.64169
-0.6247
-0.53487
-0.4194
-0.3276
-0.28973
-0.30668
-0.35071
-0.37867
-0.35605
-0.27734
-0.16669
-0.060572
0.0091408
0.021745
-0.028858
-0.12887
-0.24636
-0.34579
-0.40354
-0.41184
-0.37476
-0.30587
-0.22529
-0.14945
-0.080977
-0.012538
0.057751
0.11934
0.1606
0.1841
0.20697
0.24825
0.3187
0.41721
0.52706
0.61561
0.65034
0.62612
0.57574
0.54853
0.57684
0.65956
0.76615
0.84858
0.85824
0.77092
0.60625
0.41952
0.2684
0.18324
0.1612
0.1764
0.19132
0.17077
0.10115
0.0014017
-0.089517
-0.13899
-0.13659
-0.092219
-0.029733
0.01794
0.020708
-0.030108
-0.11464
-0.19853
-0.25319
-0.26495
-0.23542
-0.18121
-0.12804
-0.094686
-0.080309
-0.071103
-0.05813
-0.045579
-0.044602
-0.063639
-0.10079
-0.13746
-0.14047
-0.080928
0.040468
0.18578
0.29845
0.33205
0.27049
0.13584
-0.015945
-0.11499
-0.1103
0.0027957
0.17881
0.3423
0.41995
0.37214
0.21231
0.0021889
-0.17794
-0.2681
-0.25517
-0.1763
-0.10015
-0.093426
-0.18588
-0.35193
-0.52301
-0.62615
-0.62467
-0.53597
-0.41912
-0.34345
-0.35459
-0.45191
-0.58805
-0.69382
-0.71593
-0.64435
-0.51336
-0.37984
-0.29462
-0.28029
-0.32218
-0.37564
-0.38924
-0.33288
-0.2127
-0.063153
0.073555
0.16333
0.18834
0.15602
0.10632
0.099927
0.18385
0.36079
0.58936
0.8091
0.96408
1.0174
0.96539
0.84565
0.71902
0.63297
0.60003
0.60705
0.63305
0.65541
0.65398
0.62363
0.58025
0.54654
0.53287
0.53474
0.54085
0.53448
0.49282
0.40012
0.267
0.12965
0.024715
-0.033624
-0.055084
-0.062547
-0.083385
-0.13889
-0.22685
-0.31275
-0.34702
-0.29847
-0.1751
-0.019722
0.10852
0.15587
0.098014
-0.041727
-0.19956
-0.30783
-0.33445
-0.29499
-0.23586
-0.20837
-0.24598
-0.34666
-0.46859
-0.55065
-0.54959
-0.46585
-0.33803
-0.21469
-0.12679
-0.075382
-0.036233
0.020798
0.10552
0.19322
0.23809
0.20442
0.08773
-0.086428
-0.27399
-0.42433
-0.4973
-0.48237
-0.40123
-0.2879
-0.16799
-0.055646
0.041111
0.12092
0.18904
0.24744
0.28627
0.29137
0.25757
0.18824
0.084
-0.059283
-0.2388
-0.43578
-0.61894
-0.75329
-0.80785
-0.76579
-0.63582
-0.4524
-0.25958
-0.091382
0.036068
0.12142
0.17432
0.21274
0.25502
0.30771
0.36093
0.3964
0.39912
0.36252
0.29007
0.19853
0.11746
0.077976
0.098377
0.17883
0.30523
0.45267
0.58766
0.67702
0.70366
0.67624
0.62211
0.5698
0.53677
0.52848
0.54048
0.55719
0.5542
0.51087
0.42442
0.31062
0.19265
0.092449
0.028963
0.01446
0.046243
0.1048
0.16392
0.20218
0.2053
0.16377
0.07653
-0.041355
-0.15936
-0.24508
-0.27949
-0.26233
-0.20902
-0.1462
-0.1041
-0.10215
-0.13661
-0.18439
-0.22132
-0.23649
-0.23226
-0.21791
-0.20583
-0.2077
-0.22733
-0.25725
-0.28521
-0.30297
-0.30649
-0.29007
-0.24549
-0.1683
-0.063582
0.053044
0.15726
0.221
0.22387
0.16597
0.06942
-0.035306
-0.1252
-0.18963
-0.22667
-0.24059
-0.24209
-0.24521
-0.26065
-0.2918
-0.33623
-0.38709
-0.43084
-0.4471
-0.41706
-0.33551
-0.21458
-0.077468
0.048961
0.13873
0.17394
0.15312
0.090708
0.0063421
-0.083327
-0.16411
-0.22395
-0.25805
-0.27019
-0.26434
-0.23723
-0.18271
-0.10056
0.0028201
0.11903
0.23759
0.34341
0.42174
0.46762
0.48799
0.49601
0.5065
0.53214
0.57319
0.60798
0.60164
0.53214
0.40906
0.2691
0.15821
0.11552
0.15901
0.27203
0.40339
0.49007
0.48798
0.38862
0.21786
0.027415
-0.11966
-0.17375
-0.12447
-0.0074826
0.11399
0.17854
0.15119
0.038211
-0.11199
-0.2285
-0.25343
-0.17111
-0.011168
0.17117
0.31927
0.39326
0.38315
0.31413
0.23461
0.18895
0.19319
0.23013
0.26173
0.24801
0.16725
0.031868
-0.1124
-0.21009
-0.22776
-0.1708
-0.077504
0.00081402
0.022115
-0.028175
-0.13046
-0.24263
-0.32554
-0.36472
-0.37377
-0.38202
-0.41834
-0.49708
-0.6077
-0.71462
-0.77285
-0.75022
-0.64036
-0.46209
-0.2538
-0.065552
0.054991
0.080554
0.014503
-0.1135
-0.26155
-0.39073
-0.47629
-0.51158
-0.50294
-0.45908
-0.38376
-0.27754
-0.14564
-0.0030034
0.12843
0.22716
0.27971
0.28637
0.26304
0.2362
0.23251
0.2686
0.34425
0.43872
0.51388
0.52839
0.45775
0.30909
0.12374
-0.033593
-0.098997
-0.040092
0.12394
0.32816
0.49164
0.55423
0.50247
0.37401
0.23921
0.16921
0.20554
0.34329
0.53152
0.69146
0.74869
0.66709
0.46577
0.20876
-0.023133
-0.1616
-0.17184
-0.063937
0.11047
0.27997
0.38354
0.38967
0.2977
0.13252
-0.059783
-0.22205
-0.30689
-0.2967
-0.20877
-0.085898
0.019014
0.060645
0.018942
-0.091351
-0.22618
-0.32982
-0.35632
-0.28758
-0.14107
0.037895
0.19453
0.28229
0.27463
0.173
0.0097466
-0.16115
-0.28404
-0.32012
-0.25676
-0.11148
0.068808
0.22115
0.2924
0.26069
0.13801
-0.040949
-0.23177
-0.39327
-0.50193
-0.55979
-0.58757
-0.60845
-0.63562
-0.66801
-0.69113
-0.6822
-0.62135
-0.50394
-0.3452
-0.1749
-0.027752
0.065558
0.086788
0.037008
-0.062765
-0.17885
-0.27534
-0.32293
-0.30647
-0.23151
-0.12452
-0.020934
0.054955
0.10536
0.15777
0.24642
0.38706
0.56026
0.71423
0.78752
0.74149
0.58508
0.37543
0.19111
0.093015
0.097443
0.17489
0.27017
0.33033
0.32869
0.27599
0.21273
0.18663
0.22863
0.33946
0.48933
0.62798
0.70216
0.6753
0.54086
0.32408
0.074101
-0.14861
-0.28777
-0.3089
-0.21422
-0.046124
0.1262
0.23378
0.23685
0.1425
0.0025712
-0.1087
-0.13062
-0.049485
0.091994
0.21917
0.26819
0.21716
0.090572
-0.055938
-0.16026
-0.1827
-0.12825
-0.044764
0.0054819
-0.020026
-0.12549
-0.27652
-0.41302
-0.47556
-0.43815
-0.32458
-0.19161
-0.092565
-0.049822
-0.049606
-0.055084
-0.031114
0.029243
0.095305
0.1181
0.064214
-0.062919
-0.22564
-0.36969
-0.44614
-0.43224
-0.34275
-0.22235
-0.12139
-0.071389
-0.074426
-0.10653
-0.12853
-0.10154
-0.0060638
0.14392
0.30422
0.42178
0.4593
0.4077
0.28429
0.12273
-0.041158
-0.18463
-0.30551
-0.41441
-0.51657
-0.59984
-0.63933
-0.61262
-0.51229
-0.35142
-0.16539
-0.0074551
0.070428
0.047893
-0.044567
-0.13629
-0.15109
-0.043301
0.18059
0.45941
0.69861
0.81494
0.78209
0.644
0.48639
0.38997
0.39242
0.4701
0.54693
0.53659
0.40003
0.17561
-0.04384
-0.16632
-0.14795
-0.011278
0.16545
0.28356
0.27342
0.13251
-0.072602
-0.24056
-0.28328
-0.16483
0.080704
0.35891
0.55351
0.57896
0.41906
0.13223
-0.17499
-0.39149
-0.44658
-0.33846
-0.12928
0.091611
0.251
0.31647
0.29844
0.23794
0.18395
0.16619
0.18021
0.19643
0.18236
0.11874
0.0051674
-0.13856
-0.27716
-0.37536
-0.41535
-0.40058
-0.34588
-0.26824
-0.18417
-0.106
-0.035916
0.031763
0.097244
0.14602
0.15668
0.11806
0.039054
-0.053486
-0.12381
-0.14136
-0.097872
-0.015722
0.06334
0.10179
0.084247
0.021828
-0.054376
-0.10917
-0.12474
-0.11247
-0.10312
-0.12428
-0.18421
-0.2679
-0.34284
-0.37478
-0.34867
-0.27724
-0.18818
-0.10491
-0.039303
0.005907
0.035472
0.05865
0.080047
0.093333
0.088704
0.066269
0.038157
0.017833
0.011562
0.020259
0.043369
0.076118
0.10507
0.11081
0.076172
-0.0061405
-0.12689
-0.25393
-0.33574
-0.3232
-0.20017
0.00016039
0.20588
0.33736
0.34121
0.21238
-0.0024662
-0.22017
-0.35088
-0.33417
-0.16571
0.10073
0.37813
0.5834
0.66929
0.63955
0.5433
0.45064
0.41958
0.46915
0.57127
0.66532
0.68819
0.60509
0.42629
0.20314
0.0050075
-0.11344
-0.13812
-0.098986
-0.048667
-0.031544
-0.062873
-0.12642
-0.18695
-0.2107
-0.18615
-0.13388
-0.095035
-0.10312
-0.15945
-0.2319
-0.27654
-0.26477
-0.19739
-0.1002
-0.0074613
0.055327
0.080443
0.075857
0.056864
0.039285
0.037017
0.060207
0.11137
0.18215
0.25376
0.3009
0.29959
0.23882
0.1299
0.00398
-0.10197
-0.16022
-0.16104
-0.11597
-0.055262
-0.015983
-0.024885
-0.088403
-0.19452
-0.31907
-0.43088
-0.49893
-0.50258
-0.43779
-0.31585
-0.16061
-0.0074041
0.10363
0.14409
0.11345
0.040633
-0.029976
-0.058379
-0.025894
0.055815
0.14827
0.20311
0.18475
0.087667
-0.058806
-0.20061
-0.28245
-0.27523
-0.19129
-0.076902
0.012662
0.040308
0.0031836
-0.068899
-0.13179
-0.15191
-0.12227
-0.061644
-0.0012948
0.031889
0.029929
0.0095411
0.0021122
0.031587
0.0976
0.17759
0.24314
0.27608
0.27629
0.26096
0.25513
0.27647
0.32315
0.37311
0.39463
0.36238
0.27238
0.14731
0.026018
-0.05707
-0.087413
-0.072525
-0.034969
-0.0015787
0.0097056
-0.00025841
-0.014461
-0.013462
0.013403
0.066328
0.1361
0.20411
0.24819
0.255
0.22575
0.16924
0.095625
0.020787
-0.031182
-0.041242
-0.012789
0.028508
0.051743
0.035888
-0.023957
-0.11213
-0.19243
-0.22417
-0.18772
-0.095165
0.022533
0.13258
0.20684
0.22647
0.19254
0.12943
0.070051
0.037172
0.038993
0.073205
0.12548
0.16847
0.17507
0.13768
0.071937
0.0029349
-0.047719
-0.065711
-0.047012
-0.0026944
0.044248
0.072342
0.072181
0.044913
-0.0040556
-0.066606
-0.13113
-0.18586
-0.22407
-0.24506
-0.25178
-0.25047
-0.25175
-0.26721
-0.30041
-0.34084
-0.36851
-0.366
-0.32769
-0.26008
-0.17681
-0.093851
-0.025637
0.018817
0.037639
0.033522
0.010756
-0.022607
-0.050748
-0.053857
-0.020781
0.041185
0.10884
0.15399
0.15458
0.10432
0.019459
-0.064768
-0.1116
-0.10204
-0.040689
0.051868
0.14894
0.22492
0.26319
0.26261
0.2356
0.19874
0.16532
0.14378
0.13641
0.13667
0.13162
0.11135
0.077283
0.042014
0.023588
0.038552
0.093705
0.17878
0.26768
0.33046
0.34728
0.31506
0.24727
0.16998
0.11329
0.098161
0.12514
0.17233
0.20442
0.18956
0.11717
0.0069116
-0.099353
-0.15964
-0.15454
-0.096701
-0.021968
0.032461
0.050198
0.044617
0.049324
0.096504
0.19562
0.32372
0.43357
0.47697
0.43012
0.3053
0.14347
-0.004751
-0.099301
-0.1253
-0.097036
-0.048852
-0.01784
-0.028629
-0.086193
-0.17564
-0.26772
-0.331
-0.34703
-0.31817
-0.26237
-0.2013
-0.1528
-0.12962
-0.13784
-0.17294
-0.21914
-0.25646
-0.27033
-0.25662
-0.22146
-0.17976
-0.15146
-0.15173
-0.17975
-0.21699
-0.23855
-0.22729
-0.18036
-0.10876
-0.034382
0.017589
0.03146
0.010065
-0.028525
-0.061842
-0.070859
-0.043986
0.017023
0.092199
0.14987
0.16464
0.13218
0.069384
0.0043422
-0.034237
-0.026338
0.030172
0.11682
0.20471
0.27067
0.30503
0.30793
0.28457
0.24537
0.20479
0.17385
0.15431
0.14283
0.13852
0.14234
0.15039
0.15382
0.1469
0.13147
0.1125
0.094438
0.084182
0.091835
0.1219
0.16451
0.20008
0.21339
0.20189
0.17348
0.14128
0.1194
0.1167
0.1311
0.15189
0.169
0.17889
0.18269
0.18249
0.18035
0.17715
0.17102
0.15915
0.1425
0.1272
0.11957
0.11982
0.12006
0.10739
0.069785
0.0024427
-0.088549
-0.18772
-0.27577
-0.33546
-0.35588
-0.33507
-0.28114
-0.21076
-0.14494
-0.10288
-0.095065
-0.11863
-0.15917
-0.19921
-0.22733
-0.24147
-0.24639
-0.24913
-0.25438
-0.26016
-0.25695
-0.23327
-0.18492
-0.12032
-0.056733
-0.010262
0.013038
0.019396
0.022563
0.034774
0.057665
0.079056
0.079688
0.046288
-0.018795
-0.097634
-0.16455
-0.19682
-0.18434
-0.13343
-0.061592
0.012816
0.077092
0.12334
0.14604
0.14371
0.12227
0.094357
0.073829
0.069662
0.082037
0.10065
0.10713
0.084175
0.027946
-0.045793
-0.10781
-0.12953
-0.096056
-0.012381
0.098465
0.20428
0.27665
0.30243
0.28725
0.24905
0.20659
0.17135
0.14697
0.1323
0.12334
0.11486
0.1044
0.095012
0.091526
0.093724
0.096288
0.096508
0.099533
0.11453
0.1472
0.19574
0.24947
0.2891
0.29296
0.25012
0.17039
0.080353
0.0090554
-0.02396
-0.011981
0.040624
0.12098
0.21129
0.29322
0.35049
0.36914
0.33976
0.26373
0.15769
0.048792
-0.037454
-0.086294
-0.095118
-0.072214
-0.036683
-0.014255
-0.025094
-0.071541
-0.13714
-0.19654
-0.22658
-0.21408
-0.16253
-0.095416
-0.04794
-0.047972
-0.10006
-0.18446
-0.26825
-0.3196
-0.32157
-0.28203
-0.23063
-0.20034
-0.20764
-0.24813
-0.30544
-0.35948
-0.39028
-0.38413
-0.3414
-0.27629
-0.20705
-0.14674
-0.10168
-0.07304
-0.057145
-0.047179
-0.038333
-0.031005
-0.027735
-0.029046
-0.034506
-0.045212
-0.060242
-0.07061
-0.061807
-0.025512
0.032465
0.096144
0.14816
0.17448
0.16747
0.13143
0.084187
0.047677
0.034812
0.046544
0.078794
0.12687
0.18332
0.23727
0.27876
0.30122
0.29962
0.27162
0.22446
0.17764
0.15424
0.16812
0.21844
0.29164
0.36552
0.41552
0.42552
0.39747
0.35019
0.3076
0.28601
0.2882
0.30414
0.31583
0.30485
0.26133
0.19045
0.11236
0.053711
0.033834
0.053795
0.095965
0.13451
0.14919
0.13422
0.098794
0.060321
0.033617
0.022011
0.01649
0.0028615
-0.029625
-0.083703
-0.15311
-0.22352
-0.27702
-0.30024
-0.29072
-0.25583
-0.20699
-0.15555
-0.11146
-0.08151
-0.067279
-0.066767
-0.078902
-0.10506
-0.14557
-0.19617
-0.24855
-0.29364
-0.32471
-0.34017
-0.34432
-0.34329
-0.33828
-0.32366
-0.2931
-0.24606
-0.18758
-0.12368
-0.059225
0.0011339
0.052303
0.089245
0.10734
0.10372
0.080339
0.045322
0.0091764
-0.021294
-0.044887
-0.062446
-0.072647
-0.071051
-0.052008
-0.011764
0.048293
0.12034
0.19245
0.25235
0.28925
0.29459
0.26486
0.2056
0.13199
0.064527
0.02247
0.016999
0.045044
0.088075
0.12068
0.12577
0.10503
0.07656
0.063193
0.081001
0.1323
0.20321
0.26802
0.30204
0.29569
0.2573
0.20307
0.14635
0.09608
0.06006
0.043916
0.046342
0.058953
0.072844
0.084592
0.096262
0.11237
0.13717
0.16991
0.19861
0.20141
0.16097
0.080313
-0.016403
-0.097938
-0.14096
-0.13782
-0.099095
-0.050685
-0.021559
-0.026039
-0.05395
-0.077322
-0.069069
-0.021297
0.047818
0.10311
0.11256
0.065685
-0.020938
-0.11259
-0.17254
-0.17736
-0.12593
-0.038367
0.054284
0.12334
0.15189
0.13864
0.097319
0.049967
0.013928
-0.010127
-0.038117
-0.088475
-0.16511
-0.25135
-0.31912
-0.34586
-0.32708
-0.27864
-0.22917
-0.20587
-0.21822
-0.24998
-0.26832
-0.24481
-0.17056
-0.055519
0.080267
0.21254
0.31687
0.37553
0.38306
0.34439
0.27002
0.17635
0.087424
0.02743
0.0067278
0.01664
0.039217
0.059965
0.072023
0.074938
0.074317
0.078768
0.090866
0.10148
0.097157
0.073054
0.036061
-0.0025482
-0.033439
-0.050661
-0.054085
-0.052275
-0.057799
-0.076663
-0.10483
-0.13557
-0.16507
-0.18803
-0.19306
-0.16844
-0.11129
-0.027821
0.07216
0.17608
0.26744
0.33231
0.36847
0.38352
0.38399
0.37153
0.34862
0.32006
0.28525
0.23476
0.15963
0.063305
-0.036515
-0.11515
-0.15028
-0.13147
-0.068294
0.010949
0.074398
0.10504
0.10607
0.090706
0.069946
0.049207
0.030992
0.016069
0.0025825
-0.013186
-0.034555
-0.063656
-0.10201
-0.14989
-0.20408
-0.25602
-0.29183
-0.29531
-0.25482
-0.17219
-0.067359
0.026678
0.077518
0.067971
0.0038791
-0.088294
-0.17259
-0.2181
-0.21025
-0.15423
-0.070969
0.010972
0.065267
0.077858
0.053448
0.01326
-0.01568
-0.012254
0.032352
0.11223
0.20605
0.28229
0.31325
0.28906
0.21911
0.12288
0.02309
-0.056342
-0.096843
-0.096786
-0.073658
-0.050921
-0.043981
-0.058249
-0.092365
-0.13597
-0.16826
-0.16836
-0.13039
-0.06663
0.0025404
0.057549
0.082172
0.068554
0.02636
-0.017421
-0.034669
-0.013535
0.03973
0.11071
0.1836
0.24223
0.27407
0.27695
0.2584
0.22672
0.18615
0.14247
0.10757
0.092412
0.09604
0.10578
0.10855
0.099564
0.08185
0.063174
0.054676
0.06581
0.094715
0.12537
0.13814
0.12232
0.078024
0.01333
-0.052986
-0.090972
-0.075138
-0.0070632
0.080061
0.14093
0.14208
0.074273
-0.044555
-0.1722
-0.25716
-0.26488
-0.19749
-0.089748
0.012661
0.073382
0.075103
0.023455
-0.053833
-0.11878
-0.14396
-0.12705
-0.088345
-0.057298
-0.0593
-0.1051
-0.18238
-0.25624
-0.28532
-0.24632
-0.14885
-0.029985
0.065009
0.10295
0.076394
0.007178
-0.063417
-0.096003
-0.073419
-0.0066232
0.074974
0.13931
0.16543
0.15155
0.11396
0.076221
0.05574
0.057249
0.074535
0.095166
0.10597
0.10021
0.082795
0.066559
0.061594
0.068313
0.080018
0.088942
0.089454
0.079979
0.065117
0.053639
0.051113
0.054724
0.056261
0.049059
0.031813
0.0084717
-0.013718
-0.028217
-0.0343
-0.038561
-0.049926
-0.071913
-0.098443
-0.11606
-0.11071
-0.074865
-0.01111
0.068685
0.14696
0.20544
0.2311
0.22134
0.18519
0.13938
0.10142
0.083286
0.086688
0.10135
0.10894
0.093268
0.050836
-0.0064694
-0.057441
-0.08073
-0.063133
-0.0063352
0.071374
0.14308
0.18726
0.19644
0.17532
0.1346
0.087276
0.04549
0.014981
-0.0083662
-0.034136
-0.068715
-0.1111
-0.15495
-0.19148
-0.21117
-0.20782
-0.18452
-0.15424
-0.13183
-0.12429
-0.12807
-0.13342
-0.13032
-0.11326
-0.084627
-0.054749
-0.03647
-0.037202
-0.054812
-0.079444
-0.097792
-0.096934
-0.068571
-0.013696
0.055804
0.12132
0.16554
0.17991
0.16841
0.14545
0.12767
0.1239
0.13021
0.134
0.12354
0.096195
0.06048
0.032229
0.027141
0.05272
0.10357
0.16387
0.21587
0.24749
0.25307
0.2309
0.18449
0.12617
0.074449
0.043809
0.037251
0.048207
0.065968
0.078513
0.076214
0.058315
0.033814
0.01234
-0.0038922
-0.017137
-0.028562
-0.041466
-0.065663
-0.10925
-0.16487
-0.21042
-0.22508
-0.20165
-0.14583
-0.072367
-0.0037487
0.036749
0.038221
0.0070498
-0.042279
-0.096131
-0.13977
-0.15503
-0.12925
-0.066963
0.010669
0.077258
0.11117
0.10086
0.05031
-0.017716
-0.069419
-0.078253
-0.039696
0.028912
0.099215
0.14186
0.13335
0.065128
-0.04703
-0.16472
-0.24383
-0.25518
-0.19563
-0.087041
0.032968
0.12601
0.16886
0.1611
0.1201
0.07036
0.034764
0.027767
0.048737
0.080504
0.098448
0.08563
0.043146
-0.010344
-0.048207
-0.049646
-0.011315
0.050249
0.1077
0.13755
0.13125
0.097724
0.057629
0.032486
0.033667
0.057073
0.086778
0.10553
0.10574
0.094272
0.088238
0.1043
0.14781
0.20813
0.26295
0.28944
0.27586
0.22759
0.16423
0.10925
0.078252
0.073691
0.088204
0.11071
0.12958
0.13535
0.12586
0.10863
0.094275
0.086811
0.081498
0.070494
0.048649
0.017192
-0.013762
-0.029123
-0.022484
-0.0074737
-0.010807
-0.050979
-0.12369
-0.20546
-0.26733
-0.28809
-0.26508
-0.21858
-0.18168
-0.17794
-0.20636
-0.24708
-0.27754
-0.28141
-0.24865
-0.17752
-0.081218
0.011292
0.0666
0.063513
0.0027886
-0.095277
-0.20092
-0.28542
-0.3286
-0.32315
-0.27543
-0.20243
-0.12736
-0.075082
-0.064149
-0.094512
-0.14037
-0.16
-0.12039
-0.019222
0.11184
0.2226
0.2676
0.22648
0.11501
-0.018605
-0.11478
-0.13207
-0.066164
0.053661
0.18346
0.28289
0.32682
0.31245
0.26029
0.20358
0.17179
0.18066
0.23149
0.31143
0.39416
0.44986
0.46186
0.43302
0.37546
0.29957
0.21434
0.13076
0.058725
0.0050896
-0.020603
-0.004597
0.05775
0.14806
0.23191
0.2822
0.29355
0.27672
0.24631
0.21497
0.19024
0.16876
0.13513
0.073946
-0.014303
-0.1116
-0.19634
-0.25566
-0.28506
-0.28404
-0.25788
-0.21995
-0.18478
-0.15733
-0.13222
-0.10312
-0.069172
-0.033562
-0.0020705
0.014742
0.0041804
-0.037323
-0.096126
-0.14837
-0.17611
-0.17623
-0.15621
-0.12552
-0.091676
-0.06108
-0.038323
-0.022662
-0.0067595
0.017733
0.051712
0.086073
0.10713
0.1033
0.068284
0.0033823
-0.079463
-0.15894
-0.21289
-0.2284
-0.20595
-0.15743
-0.10079
-0.052933
-0.022344
-0.0065086
0.0037532
0.016839
0.034595
0.049368
0.045225
0.0063886
-0.07
-0.16776
-0.25874
-0.31653
-0.32724
-0.29557
-0.24481
-0.20504
-0.19203
-0.196
-0.19307
-0.1658
-0.1117
-0.039702
0.033006
0.084855
0.10364
0.10106
0.10716
0.14543
0.2144
0.29186
0.35027
0.36708
0.33177
0.25531
0.17294
0.12843
0.14889
0.23195
0.35181
0.47193
0.55541
0.57728
0.53934
0.47252
0.4156
0.38494
0.36431
0.32322
0.24304
0.13011
0.014834
-0.058726
-0.055024
0.02528
0.13702
0.21712
0.22488
0.16065
0.05544
-0.048283
-0.1124
-0.11996
-0.088148
-0.059222
-0.069075
-0.12151
-0.18984
-0.23544
-0.22432
-0.1413
-0.0050235
0.1304
0.2009
0.16986
0.047316
-0.1178
-0.2592
-0.31859
-0.27372
-0.15651
-0.040163
0.0044479
-0.048932
-0.17145
-0.29991
-0.36824
-0.33624
-0.20986
-0.042998
0.087271
0.12032
0.040705
-0.11914
-0.29697
-0.42653
-0.46263
-0.3985
-0.26748
-0.12567
-0.02465
0.0099798
-0.014981
-0.067068
-0.10282
-0.087628
-0.014737
0.089031
0.17771
0.21073
0.171
0.070406
-0.053958
-0.15354
-0.19175
-0.16417
-0.09835
-0.033208
0.0041653
0.010075
0.0024693
0.0090828
0.049789
0.12269
0.20452
0.2651
0.2838
0.25703
0.19706
0.12723
0.073895
0.053496
0.061721
0.077567
0.08244
0.075848
0.071585
0.080346
0.097561
0.10614
0.089386
0.044881
-0.0084589
-0.036107
-0.0065242
0.087506
0.22006
0.34318
0.41045
0.39743
0.30993
0.18087
0.059112
-0.008703
0.0014496
0.079321
0.18468
0.26405
0.27183
0.19044
0.042856
-0.11215
-0.20522
-0.18965
-0.063173
0.13253
0.33111
0.4681
0.50329
0.43173
0.28223
0.10631
-0.040261
-0.11991
-0.13024
-0.10327
-0.084293
-0.10409
-0.16287
-0.23291
-0.27507
-0.2604
-0.18726
-0.083421
0.0095707
0.05865
0.053165
0.0061032
-0.053758
-0.096189
-0.1063
-0.093427
-0.084073
-0.1041
-0.16334
-0.25072
-0.33924
-0.39686
-0.39864
-0.33638
-0.22333
-0.092199
0.01521
0.065219
0.047637
-0.019739
-0.098547
-0.14432
-0.12459
-0.036532
0.086835
0.19108
0.22783
0.1762
0.048924
-0.112
-0.24731
-0.30282
-0.25499
-0.1219
0.047289
0.19313
0.2653
0.23977
0.13045
-0.015763
-0.14242
-0.20867
-0.19972
-0.12394
-0.0075238
0.11055
0.18854
0.19755
0.13509
0.028372
-0.07521
-0.12752
-0.10137
-0.0040436
0.12534
0.23425
0.28157
0.25581
0.17777
0.08705
0.021077
-0.00065337
0.020149
0.067277
0.11941
0.15842
0.17665
0.18051
0.1863
0.20968
0.25685
0.32149
0.38516
0.42161
0.40881
0.34382
0.24613
0.14475
0.061552
0.0041794
-0.031729
-0.056747
-0.079531
-0.098395
-0.099783
-0.067223
0.0060602
0.1106
0.22318
0.31505
0.36205
0.3531
0.29312
0.19888
0.09195
-0.0061874
-0.07704
-0.11028
-0.10901
-0.087538
-0.061398
-0.040133
-0.028878
-0.032103
-0.05173
-0.082921
-0.1152
-0.13867
-0.14927
-0.15062
-0.15418
-0.17666
-0.2313
-0.31695
-0.41597
-0.50476
-0.56533
-0.58636
-0.55957
-0.4832
-0.36923
-0.24165
-0.12629
-0.044187
-0.0098848
-0.025925
-0.076301
-0.1329
-0.17424
-0.19695
-0.20882
-0.2152
-0.21334
-0.19458
-0.14897
-0.071934
0.028931
0.13454
0.22385
0.28296
0.30661
0.29621
0.26031
0.21443
0.17602
0.15687
0.1589
0.17439
0.18973
0.19277
0.18071
0.16173
0.14842
0.15066
0.17431
0.22234
0.29219
0.37159
0.43962
0.47509
0.46658
0.41754
0.34507
0.2738
0.2262
0.21048
0.21269
0.20287
0.15535
0.067593
-0.038015
-0.1264
-0.16305
-0.12529
-0.015249
0.13302
0.26572
0.3366
0.32711
0.24703
0.12468
-0.0031938
-0.10242
-0.1534
-0.15509
-0.11695
-0.04998
0.033252
0.11472
0.1734
0.19277
0.16509
0.091517
-0.01698
-0.13875
-0.24582
-0.31225
-0.32067
-0.26677
-0.16426
-0.045194
0.0516
0.097983
0.084862
0.018366
-0.085689
-0.20469
-0.31552
-0.40317
-0.46082
-0.48124
-0.45535
-0.38455
-0.29028
-0.20579
-0.15866
-0.16103
-0.20752
-0.27266
-0.31439
-0.29483
-0.20686
-0.080351
0.036543
0.10014
0.084151
-0.010573
-0.14807
-0.26586
-0.30489
-0.24002
-0.088938
0.099729
0.26627
0.36097
0.36274
0.28635
0.17217
0.065869
0.0012428
-0.0068667
0.038907
0.1233
0.22261
0.30897
0.35846
0.36157
0.32673
0.27234
0.21587
0.17004
0.14315
0.13691
0.14523
0.16028
0.1789
0.19952
0.21464
0.21359
0.1948
0.17158
0.16271
0.17812
0.21291
0.251
0.2724
0.26035
0.20814
0.124
0.029905
-0.047219
-0.087632
-0.086482
-0.053319
-0.0061947
0.035573
0.058777
0.062235
0.056744
0.056966
0.07058
0.093089
0.1116
0.11357
0.093648
0.055016
0.0064725
-0.041423
-0.080806
-0.11117
-0.13934
-0.17077
-0.19934
-0.20843
-0.18443
-0.12857
-0.056532
0.0092242
0.045813
0.036472
-0.019039
-0.098315
-0.16575
-0.19313
-0.17385
-0.12242
-0.065471
-0.0308
-0.033915
-0.067227
-0.10411
-0.11853
-0.10256
-0.067066
-0.030877
-0.011619
-0.02069
-0.058528
-0.11284
-0.16493
-0.20026
-0.21401
-0.2091
-0.19187
-0.16886
-0.14406
-0.11695
-0.084361
-0.045965
-0.0081478
0.018327
0.025084
0.012053
-0.010417
-0.023342
-0.0055237
0.054923
0.14907
0.24561
0.304
0.29583
0.22096
0.10936
0.007458
-0.04414
-0.0303
0.032381
0.10666
0.15698
0.1693
0.15556
0.14151
0.14952
0.18834
0.25064
0.31448
0.35106
0.34016
0.28285
0.19872
0.11266
0.046151
0.014936
0.023168
0.055896
0.084328
0.085072
0.054513
0.0058037
-0.042098
-0.071564
-0.072526
-0.051287
-0.031072
-0.035419
-0.067873
-0.10962
-0.13591
-0.13251
-0.10046
-0.053521
-0.01307
0.001952
-0.012833
-0.044349
-0.072299
-0.081457
-0.065632
-0.02662
0.025239
0.072086
0.096701
0.092822
0.067703
0.036262
0.013954
0.011372
0.029076
0.055483
0.072889
0.068551
0.041214
-0.00036271
-0.041612
-0.065961
-0.061247
-0.028543
0.014658
0.042706
0.036231
-0.0074375
-0.072512
-0.1308
-0.15434
-0.13085
-0.072477
-0.0090569
0.030128
0.031551
-0.00037658
-0.050669
-0.10129
-0.1352
-0.14013
-0.11365
-0.066171
-0.017647
0.011016
0.0076409
-0.023218
-0.057106
-0.05773
0.0017063
0.11669
0.24899
0.34832
0.38098
0.34565
0.27119
0.20162
0.17413
0.19911
0.25493
0.30308
0.31208
0.2718
0.19277
0.098867
0.020011
-0.017559
-0.0045737
0.043536
0.094318
0.11736
0.099638
0.048037
-0.017324
-0.072259
-0.09835
-0.091427
-0.062584
-0.029436
-0.0055852
0.0024988
-0.0072818
-0.033688
-0.070943
-0.1109
-0.14801
-0.17986
-0.20284
-0.21065
-0.19886
-0.16901
-0.12776
-0.08412
-0.048173
-0.02902
-0.031643
-0.055525
-0.095233
-0.14015
-0.17482
-0.18442
-0.16328
-0.11894
-0.068677
-0.032825
-0.028247
-0.061352
-0.12268
-0.18878
-0.23303
-0.23859
-0.20433
-0.14185
-0.06842
-0.0010708
0.047328
0.071175
0.073299
0.062612
0.050013
0.045684
0.057229
0.085833
0.1219
0.14639
0.14034
0.096417
0.023725
-0.056072
-0.11659
-0.13509
-0.10117
-0.023074
0.074765
0.16414
0.22619
0.25503
0.25364
0.23093
0.20181
0.18264
0.18166
0.19487
0.21342
0.23189
0.24669
0.25116
0.24003
0.21887
0.20307
0.20538
0.22801
0.26637
0.31401
0.3613
0.39546
0.40808
0.40091
0.38093
0.35242
0.31805
0.28465
0.26013
0.24314
0.22153
0.18492
0.13597
0.08679
0.047058
0.018477
-0.0018862
-0.017711
-0.032207
-0.045679
-0.052567
-0.045151
-0.02425
-0.0047393
-0.0066629
-0.040307
-0.10103
-0.17657
-0.2562
-0.33445
-0.41127
-0.48969
-0.5695
-0.64107
-0.68728
-0.69317
-0.65332
-0.57143
-0.45745
-0.32746
-0.20354
-0.10908
-0.060807
-0.062026
-0.10075
-0.15443
-0.20079
-0.2288
-0.24137
-0.24719
-0.24969
-0.2431
-0.21809
-0.17043
-0.10555
-0.037399
0.016943
0.045421
0.048091
0.036776
0.026022
0.02328
0.026376
0.027309
0.017445
-0.0066379
-0.037063
-0.054356
-0.03764
0.020992
0.11009
0.20496
0.28012
0.31978
0.32274
0.30169
0.27718
0.26772
0.28041
0.30842
0.33685
0.35125
0.34261
0.30909
0.25735
0.20291
0.16564
0.16151
0.19612
0.2628
0.34386
0.41445
0.45141
0.44445
0.40079
0.33848
0.27497
0.2215
0.18401
0.16435
0.15937
0.16115
0.1608
0.15318
0.13959
0.12712
0.12467
0.13703
0.16021
0.18126
0.18322
0.15374
0.093035
0.015247
-0.05875
-0.11139
-0.13375
-0.12596
-0.096785
-0.061985
-0.038586
-0.037722
-0.061943
-0.10585
-0.1551
-0.18691
-0.17947
-0.12652
-0.043373
0.040794
0.095364
0.097936
0.042318
-0.056384
-0.16703
-0.25821
-0.31212
-0.32756
-0.31635
-0.29923
-0.29842
-0.32514
-0.37189
-0.41866
-0.44675
-0.44617
-0.41431
-0.35472
-0.27845
-0.20157
-0.13713
-0.090544
-0.062535
-0.05213
-0.054227
-0.058711
-0.057135
-0.04926
-0.040032
-0.032201
-0.025949
-0.024134
-0.032271
-0.051939
-0.077397
-0.09926
-0.1081
-0.094037
-0.048332
0.029541
0.12723
0.2249
0.30597
0.36298
0.39587
0.408
0.4029
0.38106
0.3383
0.26989
0.17888
0.080491
-0.0025409
-0.049592
-0.049144
-0.0011502
0.082686
0.18114
0.27111
0.33794
0.37987
0.40226
0.40885
0.3987
0.36929
0.32034
0.25608
0.1866
0.12621
0.087309
0.073358
0.07776
0.088932
0.096296
0.093561
0.080003
0.060369
0.042432
0.032799
0.033699
0.042362
0.052231
0.05488
0.042519
0.011374
-0.034649
-0.082722
-0.11557
-0.12065
-0.097371
-0.05691
-0.016521
0.0064252
-0.00031644
-0.038186
-0.094916
-0.1493
-0.18156
-0.18161
-0.15139
-0.10378
-0.059007
-0.036673
-0.045937
-0.081543
-0.12855
-0.16998
-0.19174
-0.186
-0.15452
-0.10849
-0.06221
-0.025655
-0.0024225
0.0074162
0.005438
-0.0040995
-0.014083
-0.017744
-0.012464
-0.00044267
0.013458
0.023958
0.02704
0.022218
0.01436
0.011926
0.02157
0.043519
0.071484
0.09609
0.10904
0.10702
0.09425
0.081008
0.076973
0.084403
0.097244
0.10628
0.10459
0.089603
0.0631
0.031601
0.0056528
-0.0040719
0.0076058
0.037307
0.074773
0.10749
0.12545
0.12486
0.10977
0.089959
0.075008
0.068697
0.068272
0.068237
0.064377
0.055382
0.042771
0.030009
0.020584
0.015773
0.014072
0.012738
0.0096628
0.0041194
-0.0033345
-0.011136
-0.017029
-0.018382
-0.012975
-0.00095372
0.013168
0.021593
0.017971
0.0014591
-0.023716
-0.051301
-0.0749
-0.089035
-0.091417
-0.084605
-0.073922
-0.063517
-0.055235
-0.05034
-0.049851
-0.052577
-0.054788
-0.053255
-0.047886
-0.040669
-0.033261
-0.027043
-0.024671
-0.029263
-0.041184
-0.05665
-0.070019
-0.076659
-0.073559
-0.059297
-0.035413
-0.0072355
0.018729
0.039004
0.054469
0.06811
0.082352
0.09736
0.10964
0.11257
0.10123
0.078538
0.055541
0.044797
0.053089
0.078846
0.11388
0.14787
0.17435
0.19417
0.21221
0.23079
0.24752
0.25855
0.26137
0.25477
0.23961
0.22054
0.20397
0.19315
0.18683
0.18259
0.17847
0.17102
0.15538
0.12945
0.096741
0.064192
0.038748
0.025766
0.027319
0.039782
0.054627
0.063646
0.063581
0.056136
0.045374
0.035519
0.029017
0.02497
0.019782
0.0095742
-0.0086119
-0.036835
-0.07484
-0.11797
-0.15818
-0.18802
-0.2032
-0.20282
-0.18973
-0.17042
-0.15144
-0.13448
-0.11671
-0.096774
-0.078553
-0.068741
-0.07229
-0.090476
-0.12073
-0.15663
-0.1897
-0.21335
-0.22484
-0.22339
-0.20825
-0.18087
-0.14837
-0.12305
-0.11723
-0.13713
-0.17882
-0.22794
-0.26459
-0.2726
-0.24766
-0.1988
-0.1429
-0.096696
-0.070095
-0.06241
-0.062591
-0.054696
-0.026779
0.022122
0.081355
0.1339
0.16354
0.16112
0.12878
0.080589
0.038151
0.022618
0.047394
0.11401
0.21076
0.3143
0.39601
0.43324
0.41964
0.3675
0.30096
0.24548
0.21888
0.22601
0.25737
0.29383
0.31637
0.31516
0.29209
0.2573
0.22411
0.20476
0.20596
0.22487
0.249
0.2622
0.25387
0.22506
0.18784
0.1594
0.15404
0.17532
0.21147
0.23924
0.23676
0.19671
0.12928
0.054747
-0.0064426
-0.041072
-0.048216
-0.040392
-0.036981
-0.052168
-0.08648
-0.12776
-0.15866
-0.1649
-0.14204
-0.09935
-0.058208
-0.043345
-0.070587
-0.13769
-0.22366
-0.29746
-0.33192
-0.31532
-0.2555
-0.1761
-0.10748
-0.074517
-0.085126
-0.12612
-0.17072
-0.19348
-0.18334
-0.14785
-0.10828
-0.088339
-0.10128
-0.14215
-0.19078
-0.22378
-0.22713
-0.20127
-0.15782
-0.11235
-0.07768
-0.059601
-0.055928
-0.059006
-0.060385
-0.054704
-0.040707
-0.020417
0.0011084
0.015561
0.013403
-0.010897
-0.053526
-0.1002
-0.1311
-0.13006
-0.093246
-0.031824
0.033462
0.082614
0.106
0.10876
0.1076
0.12095
0.15836
0.21623
0.28106
0.33567
0.36449
0.35846
0.31994
0.26395
0.21331
0.18948
0.20377
0.25183
0.31363
0.36081
0.36978
0.33321
0.26252
0.18089
0.11255
0.07417
0.070072
0.091614
0.12125
0.1401
0.13548
0.10484
0.055807
0.0036552
-0.033235
-0.040537
-0.016078
0.02622
0.061236
0.065342
0.02973
-0.033737
-0.097688
-0.13238
-0.11959
-0.060239
0.02695
0.11444
0.17788
0.20545
0.1998
0.17235
0.13524
0.09626
0.057599
0.016255
-0.033455
-0.094127
-0.15953
-0.21467
-0.24218
-0.22966
-0.17448
-0.087128
0.0082514
0.081101
0.10887
0.08843
0.035241
-0.026871
-0.076325
-0.10079
-0.10159
-0.093257
-0.094986
-0.11784
-0.1579
-0.19913
-0.22113
-0.20675
-0.14975
-0.060514
0.035869
0.10996
0.13984
0.11742
0.049041
-0.046959
-0.1456
-0.22331
-0.26462
-0.26457
-0.22828
-0.17044
-0.11238
-0.074079
-0.064079
-0.07498
-0.087705
-0.081604
-0.04521
0.01706
0.086188
0.13799
0.15473
0.13171
0.0772
0.0090808
-0.05007
-0.080342
-0.072374
-0.030526
0.030856
0.094156
0.14378
0.16999
0.17211
0.15891
0.14424
0.14088
0.15618
0.18937
0.22985
0.25928
0.26024
0.2268
0.16891
0.10801
0.067947
0.066158
0.10766
0.18328
0.27288
0.35206
0.40015
0.40703
0.37609
0.32125
0.25915
0.20149
0.15165
0.10583
0.057213
0.0021764
-0.054139
-0.09755
-0.11182
-0.088367
-0.031745
0.041277
0.10667
0.14063
0.12943
0.077502
0.0063169
-0.057199
-0.094267
-0.10101
-0.087577
-0.072722
-0.074962
-0.10221
-0.14671
-0.18996
-0.21345
-0.20686
-0.17067
-0.11466
-0.053531
-0.00099237
0.033618
0.044263
0.026843
-0.018681
-0.085423
-0.16042
-0.22831
-0.27507
-0.29197
-0.28037
-0.25237
-0.22385
-0.20451
-0.19337
-0.18171
-0.15914
-0.1195
-0.065678
-0.010932
0.02694
0.036322
0.019386
-0.0091498
-0.029706
-0.025947
0.0093955
0.070867
0.1408
0.19687
0.22381
0.2206
0.1979
0.17034
0.15073
0.14735
0.16149
0.18623
0.20889
0.21675
0.20199
0.16443
0.1119
0.057492
0.013166
-0.016832
-0.037911
-0.060662
-0.092735
-0.13191
-0.16487
-0.17329
-0.14352
-0.074363
0.020086
0.11323
0.17544
0.1886
0.15677
0.1036
0.058711
0.044472
0.069691
0.12826
0.20117
0.26347
0.29402
0.28166
0.22671
0.14239
0.055963
0.0022494
0.0078285
0.075254
0.17858
0.2727
0.31179
0.26949
0.15162
-0.0066757
-0.15766
-0.26048
-0.29311
-0.25522
-0.16508
-0.052567
0.049934
0.11568
0.12976
0.093604
0.025432
-0.047171
-0.10048
-0.12457
-0.1237
-0.10975
-0.094651
-0.08489
-0.079371
-0.072467
-0.060435
-0.044866
-0.029662
-0.016113
-0.0025481
0.011614
0.022748
0.02405
0.0096618
-0.020438
-0.057369
-0.085107
-0.087792
-0.058604
-0.0043594
0.056875
0.10348
0.11926
0.099478
0.051827
-0.0067233
-0.054808
-0.072761
-0.049775
0.010435
0.089182
0.15844
0.19015
0.16625
0.086523
-0.029325
-0.14781
-0.23426
-0.2656
-0.23746
-0.16407
-0.073235
0.0017001
0.032562
0.007421
-0.063757
-0.15265
-0.22297
-0.24315
-0.19876
-0.10089
0.016682
0.11352
0.16218
0.15815
0.11624
0.060202
0.012073
-0.015613
-0.022018
-0.013361
0.0039669
0.025506
0.045716
0.056627
0.051942
0.032403
0.0068161
-0.01143
-0.0095829
0.018808
0.069299
0.12684
0.17272
0.1935
0.18536
0.15267
0.10501
0.05536
0.017889
0.0039533
0.017717
0.05435
0.10158
0.14348
0.16582
0.16204
0.13727
0.10635
0.085782
0.085061
0.10293
0.1298
0.15299
0.16186
0.15132
0.12298
0.083383
0.040866
0.0041519
-0.016769
-0.011349
0.02561
0.086225
0.14887
0.18867
0.19191
0.1633
0.12223
0.092611
0.09176
0.12175
0.16787
0.20709
0.22095
0.20223
0.15248
0.07776
-0.011782
-0.10173
-0.17724
-0.22777
-0.24805
-0.23707
-0.19977
-0.14935
-0.10429
-0.080255
-0.08417
-0.11459
-0.16451
-0.22262
-0.2749
-0.30956
-0.32267
-0.31915
-0.30841
-0.29944
-0.29732
-0.29973
-0.29458
-0.26463
-0.19963
-0.10641
-0.0076179
0.069246
0.10369
0.089618
0.036976
-0.032922
-0.097576
-0.14298
-0.16625
-0.17093
-0.16049
-0.13531
-0.093834
-0.036221
0.032073
0.099124
0.14933
0.1697
0.15644
0.11787
0.071601
0.037985
0.033338
0.064413
0.12443
0.19306
0.24339
0.25448
0.22196
0.16063
0.098504
0.065423
0.079683
0.13797
0.21532
0.27658
0.29233
0.25044
0.16086
0.054166
-0.027809
-0.049579
-0.00029364
0.099231
0.20603
0.27552
0.28198
0.22954
0.1489
0.081613
0.059566
0.090219
0.15483
0.21951
0.25174
0.2339
0.16928
0.080693
0.0022874
-0.034101
-0.013489
0.054431
0.13932
0.20391
0.2201
0.18039
0.10133
0.017396
-0.033905
-0.030284
0.023713
0.099637
0.16091
0.18112
0.15444
0.094522
0.024583
-0.035394
-0.077958
-0.10904
-0.14081
-0.18285
-0.23746
-0.29957
-0.35823
-0.39902
-0.40876
-0.38153
-0.32245
-0.24682
-0.17551
-0.12848
-0.11823
-0.14546
-0.19904
-0.26057
-0.31181
-0.34185
-0.35026
-0.34354
-0.32721
-0.30026
-0.25666
-0.1918
-0.10804
-0.015873
0.06887
0.13026
0.15794
0.15069
0.11628
0.069017
0.026696
0.0065085
0.018841
0.061099
0.117
0.16378
0.18288
0.16709
0.12218
0.064309
0.01433
-0.01068
-0.0041334
0.029709
0.080209
0.13414
0.17776
0.20025
0.19812
0.17617
0.14412
0.11298
0.09363
0.095433
0.12348
0.17622
0.2446
0.31239
0.35821
0.36175
0.31282
0.2177
0.098711
-0.012398
-0.083895
-0.09464
-0.043019
0.050772
0.15207
0.22548
0.2484
0.21933
0.15845
0.099665
0.076141
0.10533
0.18059
0.27352
0.34626
0.36823
0.32873
0.23941
0.12683
0.020034
-0.061255
-0.11286
-0.14365
-0.16622
-0.18865
-0.21262
-0.23555
-0.25129
-0.25127
-0.22986
-0.19086
-0.1476
-0.11657
-0.11153
-0.14012
-0.19944
-0.2725
-0.33355
-0.36221
-0.3544
-0.3204
-0.27501
-0.22992
-0.19035
-0.15335
-0.10937
-0.050179
0.021353
0.089821
0.13561
0.14458
0.11292
0.049602
-0.022518
-0.072568
-0.076399
-0.029806
0.05121
0.14069
0.21264
0.24712
0.23623
0.18833
0.12369
0.063258
0.020693
0.0021295
0.0077654
0.031244
0.060969
0.085491
0.097362
0.092
0.066912
0.025611
-0.019414
-0.051766
-0.060986
-0.047936
-0.022881
-0.00038903
0.0064
-0.0077613
-0.035884
-0.061266
-0.066128
-0.040118
0.015271
0.085921
0.14831
0.17852
0.16389
0.10983
0.037835
-0.022559
-0.044764
-0.017178
0.049414
0.1263
0.18189
0.19692
0.17122
0.12191
0.07496
0.052261
0.060484
0.090263
0.12566
0.15431
0.17095
0.17645
0.17588
0.17479
0.17378
0.16572
0.13896
0.083773
-0.0014926
-0.10552
-0.20284
-0.26114
-0.25641
-0.18563
-0.068617
0.060108
0.16319
0.21254
0.19902
0.13472
0.045498
-0.040924
-0.10376
-0.13322
-0.13183
-0.11283
-0.094312
-0.090104
-0.10199
-0.11808
-0.11929
-0.09079
-0.031311
0.044895
0.11302
0.14696
0.13081
0.067843
-0.02031
-0.10483
-0.16212
-0.17969
-0.15714
-0.10572
-0.044599
0.0076614
0.041386
0.057256
0.061629
0.061602
0.063077
0.070461
0.086006
0.10894
0.13571
0.16167
0.18291
0.19648
0.19919
0.18698
0.15615
0.1052
0.037001
-0.038384
-0.10205
-0.13106
-0.11046
-0.043967
0.045873
0.12712
0.16957
0.1538
0.078306
-0.038245
-0.16394
-0.26652
-0.32365
-0.32733
-0.28546
-0.2204
-0.16119
-0.13117
-0.13814
-0.17119
-0.20382
-0.20454
-0.15384
-0.057529
0.055433
0.14878
0.1948
0.18229
0.11888
0.028197
-0.059864
-0.12156
-0.14574
-0.13311
-0.093212
-0.039874
0.016204
0.072864
0.13341
0.19812
0.25933
0.30368
0.31847
0.2987
0.25124
0.19298
0.14397
0.12009
0.12797
0.16212
0.20641
0.24216
0.25901
0.25944
0.2534
0.24929
0.24916
0.2491
0.24218
0.22209
0.18667
0.13865
0.082613
0.022195
-0.0389
-0.093707
-0.13142
-0.14073
-0.11496
-0.056426
0.022257
0.10091
0.15782
0.17726
0.15603
0.10476
0.041528
-0.017385
-0.061824
-0.087375
-0.095919
-0.09625
-0.099179
-0.10946
-0.12336
-0.13336
-0.13341
-0.12107
-0.098444
-0.07202
-0.049116
-0.032535
-0.018747
-0.0021101
0.018156
0.034613
0.03544
0.01243
-0.033222
-0.090185
-0.13985
-0.16231
-0.14554
-0.093284
-0.024418
0.036542
0.07022
0.068137
0.033926
-0.017619
-0.064467
-0.085828
-0.072642
-0.033394
0.0098953
0.033329
0.022262
-0.024109
-0.093887
-0.16643
-0.21894
-0.23515
-0.21131
-0.15569
-0.084071
-0.015478
0.032112
0.047886
0.032709
-0.0030688
-0.046684
-0.087506
-0.11658
-0.12649
-0.11507
-0.088295
-0.057349
-0.033048
-0.022823
-0.029052
-0.045895
-0.059171
-0.054101
-0.024592
0.025537
0.08711
0.14756
0.19203
0.21017
0.20401
0.18586
0.16856
0.15979
0.16346
0.18009
0.20418
0.22573
0.23765
0.24089
0.24147
0.24428
0.25123
0.26293
0.27786
0.29015
0.29198
0.28005
0.25724
0.22784
0.19522
0.16535
0.14723
0.14552
0.15539
0.16732
0.17422
0.17188
0.15724
0.1313
0.10196
0.079156
0.066888
0.062231
0.060616
0.058932
0.05468
0.046729
0.03818
0.034667
0.037025
0.037736
0.027928
0.007508
-0.013778
-0.024793
-0.020997
-0.0067123
0.005511
-0.0021131
-0.043795
-0.11872
-0.20782
-0.28354
-0.32426
-0.32295
-0.28771
-0.23731
-0.19383
-0.17349
-0.17915
-0.19936
-0.21473
-0.20742
-0.16887
-0.10459
-0.035224
0.010396
0.010739
-0.034599
-0.10468
-0.16941
-0.2029
-0.19231
-0.14309
-0.077957
-0.025672
-0.0056929
-0.021187
-0.062442
-0.11253
-0.15157
-0.16328
-0.14282
-0.098561
-0.045309
0.0032754
0.03722
0.050464
0.043415
0.025357
0.010829
0.010718
0.026194
0.050808
0.076766
0.098432
0.11203
0.11498
0.10606
0.084997
0.052389
0.011935
-0.027195
-0.052011
-0.051429
-0.021559
0.032527
0.097897
0.15697
0.19321
0.1979
0.17396
0.13429
0.096499
0.0769
0.085257
0.12093
0.17293
0.22522
0.26397
0.28197
0.2792
0.26193
0.24071
0.22607
0.22344
0.2314
0.24425
0.25554
0.26013
0.25558
0.24295
0.2257
0.20692
0.18793
0.16936
0.15231
0.13769
0.12504
0.11277
0.099482
0.084491
0.067266
0.046931
0.022791
-0.0041046
-0.029362
-0.045488
-0.045383
-0.027825
-0.00085704
0.020418
0.020791
-0.0080093
-0.063894
-0.13467
-0.20096
-0.24226
-0.24564
-0.21251
-0.15798
-0.10334
-0.067343
-0.060341
-0.081119
-0.11632
-0.14531
-0.15019
-0.1245
-0.074716
-0.016089
0.032759
0.055876
0.047267
0.015064
-0.023051
-0.05066
-0.060098
-0.051822
-0.030666
-0.0044869
0.016971
0.026762
0.025268
0.018157
0.0097833
0.00043898
-0.010574
-0.022366
-0.033755
-0.044412
-0.053384
-0.058938
-0.061955
-0.067715
-0.081653
-0.10347
-0.12677
-0.14357
-0.14756
-0.13455
-0.10394
-0.061826
-0.020538
0.0076892
0.017291
0.0099576
-0.0093263
-0.035172
-0.061949
-0.083633
-0.094153
-0.087236
-0.057131
-0.0025706
0.068596
0.14018
0.19458
0.21972
0.21151
0.17409
0.11989
0.067533
0.035255
0.033468
0.060966
0.10598
0.15086
0.17893
0.18132
0.16034
0.12786
0.099738
0.088985
0.10059
0.1305
0.16787
0.19849
0.20916
0.1939
0.15857
0.11843
0.089416
0.08043
0.09124
0.11409
0.13655
0.14676
0.1405
0.12461
0.11195
0.11155
0.12258
0.13645
0.14322
0.13654
0.11631
0.089935
0.070374
0.068861
0.087149
0.11619
0.14116
0.14699
0.12296
0.068467
-0.0024657
-0.065193
-0.097152
-0.090034
-0.05322
-0.008916
0.016999
0.0063399
-0.041084
-0.10541
-0.15688
-0.1718
-0.14291
-0.080242
-0.0061363
0.052629
0.075851
0.058992
0.012215
-0.049188
-0.1115
-0.16185
-0.18833
-0.18636
-0.16276
-0.13034
-0.098977
-0.073376
-0.055732
-0.046472
-0.043254
-0.042957
-0.044857
-0.049115
-0.052195
-0.047485
-0.032552
-0.013394
0.0012607
0.0088853
0.014045
0.021533
0.031572
0.040811
0.043825
0.033479
0.0053659
-0.034351
-0.068038
-0.077235
-0.054582
-0.005886
0.055247
0.11154
0.1443
0.13895
0.092994
0.018699
-0.061924
-0.12476
-0.14939
-0.1255
-0.061029
0.015934
0.070165
0.080509
0.051225
0.0053517
-0.029898
-0.033938
0.00085832
0.065336
0.13663
0.19015
0.21161
0.19997
0.16379
0.11838
0.083251
0.074393
0.094088
0.12799
0.15407
0.15628
0.13269
0.0947
0.061071
0.04973
0.068606
0.10936
0.15033
0.16916
0.15585
0.11653
0.066942
0.023014
-0.0053245
-0.015329
-0.0095816
0.0067545
0.028176
0.04937
0.063813
0.063495
0.043516
0.0085282
-0.027741
-0.051553
-0.056937
-0.045036
-0.020262
0.010371
0.037898
0.055573
0.06159
0.0565
0.041265
0.020582
0.0048027
0.003692
0.018136
0.039858
0.05802
0.064407
0.055319
0.033547
0.008712
-0.0085748
-0.015151
-0.016914
-0.022237
-0.036113
-0.060364
-0.094614
-0.13296
-0.16171
-0.16585
-0.14015
-0.093357
-0.042788
-0.0069337
-0.00055858
-0.028779
-0.081198
-0.13447
-0.1648
-0.15956
-0.11971
-0.056397
0.012471
0.066594
0.090564
0.080902
0.048289
0.013957
0.0016565
0.027492
0.09136
0.17408
0.24259
0.26335
0.21972
0.12382
0.012974
-0.068035
-0.087332
-0.037333
0.064766
0.18399
0.27952
0.31926
0.29225
0.21262
0.11338
0.033385
0.0030083
0.03268
0.10792
0.19425
0.25171
0.25214
0.19045
0.085708
-0.026838
-0.10991
-0.13898
-0.11088
-0.042931
0.035394
0.09429
0.11488
0.095089
0.047179
-0.010025
-0.058797
-0.088705
-0.10121
-0.10864
-0.12485
-0.15396
-0.18678
-0.20635
-0.19728
-0.15484
-0.09057
-0.028881
0.0062904
0.0050329
-0.02554
-0.067381
-0.098788
-0.10179
-0.071728
-0.022633
0.020589
0.03819
0.024913
-0.012212
-0.058688
-0.095222
-0.10434
-0.081931
-0.041697
-0.0045704
0.015786
0.017013
0.0038717
-0.013753
-0.022405
-0.013767
0.0065399
0.024526
0.03337
0.038585
0.047587
0.060564
0.073468
0.083525
0.087599
0.079574
0.05488
0.01689
-0.023956
-0.056158
-0.069905
-0.056699
-0.013333
0.050052
0.10949
0.14089
0.13727
0.11335
0.095
0.10413
0.14739
0.21149
0.26773
0.28704
0.25692
0.18728
0.1023
0.027508
-0.018508
-0.026524
0.0030681
0.060431
0.12862
0.18891
0.22574
0.2281
0.19087
0.12048
0.039179
-0.02226
-0.040846
-0.012308
0.049855
0.12042
0.16918
0.17194
0.12341
0.040612
-0.047262
-0.1116
-0.13129
-0.098097
-0.024028
0.058393
0.11231
0.11904
0.086431
0.038025
-0.0019887
-0.017001
-0.0037122
0.022213
0.03118
3.0682e-05
-0.06904
-0.14999
-0.21139
-0.23402
-0.21807
-0.18131
-0.14991
-0.14432
-0.16826
-0.20841
-0.24373
-0.25628
-0.23643
-0.18278
-0.10297
-0.017776
0.040536
0.043288
-0.014941
-0.11022
-0.20164
-0.25105
-0.23919
-0.17367
-0.084225
-0.0050534
0.043741
0.061167
0.057357
0.045212
0.037319
0.043229
0.065635
0.10094
0.14439
0.19192
0.23716
0.2721
0.29494
0.31364
0.33649
0.35931
0.36562
0.33957
0.27653
0.18418
0.080187
-0.010473
-0.064372
-0.073654
-0.05042
-0.014051
0.023786
0.059092
0.085579
0.093208
0.078216
0.049012
0.0188
-0.0046652
-0.020019
-0.028303
-0.034683
-0.052169
-0.094911
-0.16351
-0.23992
-0.29839
-0.31914
-0.29337
-0.22432
-0.12949
-0.036939
0.02759
0.051582
0.034998
-0.014802
-0.082246
-0.14257
-0.17206
-0.16367
-0.13031
-0.092564
-0.065823
-0.055464
-0.054543
-0.043344
8.0955e-05
0.082086
0.1876
0.29121
0.36772
0.39452
0.3588
0.27217
0.17149
0.097646
0.073462
0.10018
0.16392
0.23927
0.29496
0.3075
0.27266
0.2029
0.1161
0.028786
-0.042697
-0.07939
-0.062536
0.016585
0.14602
0.29162
0.40795
0.4546
0.41009
0.281
0.10267
-0.073968
-0.20417
-0.26324
-0.24582
-0.16258
-0.04222
0.071467
0.13704
0.13619
0.080289
0.0010485
-0.064734
-0.090715
-0.074054
-0.037829
-0.017503
-0.040131
-0.11082
-0.21099
-0.3048
-0.35318
-0.33379
-0.25541
-0.15276
-0.065516
-0.019348
-0.01991
-0.055231
-0.10093
-0.13028
-0.1283
-0.10001
-0.06578
-0.048919
-0.064339
-0.11072
-0.16703
-0.19977
-0.18355
-0.12151
-0.04498
0.0096637
0.024847
0.0066066
-0.025204
-0.046482
-0.036898
0.0074116
0.064639
0.097562
0.078976
0.0083511
-0.091393
-0.18453
-0.23183
-0.20628
-0.11336
0.0073484
0.10796
0.1581
0.14647
0.074944
-0.032769
-0.12585
-0.15209
-0.095337
0.018089
0.145
0.24696
0.29481
0.2741
0.19555
0.091333
-0.0056645
-0.07566
-0.10626
-0.085708
-0.012673
0.090939
0.18761
0.24788
0.26346
0.24094
0.19435
0.14639
0.12405
0.14112
0.18711
0.23927
0.28171
0.30867
0.31588
0.30013
0.26919
0.24519
0.25183
0.29569
0.35852
0.40632
0.40684
0.34548
0.23523
0.11673
0.041796
0.044778
0.12243
0.23778
0.33952
0.38047
0.33242
0.19954
0.021049
-0.14573
-0.25235
-0.27895
-0.23938
-0.17357
-0.12895
-0.13701
-0.19874
-0.2879
-0.36777
-0.40974
-0.40584
-0.37148
-0.33646
-0.32693
-0.34877
-0.38463
-0.40628
-0.39161
-0.33438
-0.24616
-0.1537
-0.089043
-0.071517
-0.095513
-0.13799
-0.17826
-0.20909
-0.23233
-0.24935
-0.25596
-0.242
-0.19426
-0.10319
0.027282
0.17362
0.29896
0.37164
0.38056
0.33437
0.25163
0.15546
0.06868
0.0026063
-0.047438
-0.088065
-0.11313
-0.11036
-0.076779
-0.018426
0.058696
0.14568
0.2225
0.26558
0.26518
0.22933
0.17241
0.10729
0.047295
0.006507
-0.0070574
0.002414
0.020885
0.033201
0.030361
0.010401
-0.023725
-0.062559
-0.087284
-0.076333
-0.02158
0.062221
0.14457
0.19212
0.17719
0.090104
-0.042391
-0.15605
-0.18301
-0.094881
0.085846
0.30646
0.50427
0.61658
0.59858
0.44846
0.21163
-0.043366
-0.25014
-0.35685
-0.34111
-0.22621
-0.067926
0.0876
0.2238
0.33024
0.3861
0.38609
0.36126
0.34761
0.34471
0.32558
0.2724
0.17938
0.038504
-0.13989
-0.29693
-0.35424
-0.28503
-0.13372
0.039029
0.20053
0.32548
0.37148
0.31412
0.19277
0.0859
0.041539
0.055744
0.10887
0.18271
0.23653
0.21052
0.083661
-0.090625
-0.2304
-0.29487
-0.29319
-0.24755
-0.18296
-0.1459
-0.18957
-0.3191
-0.47208
-0.57324
-0.59698
-0.5634
-0.49408
-0.40192
-0.31416
-0.26556
-0.25668
-0.2458
-0.19754
-0.12112
-0.050185
-0.0083652
-0.011296
-0.076364
-0.19745
-0.31988
-0.37303
-0.33155
-0.22546
-0.093362
0.047529
0.18271
0.28474
0.33677
0.35382
0.36137
0.36483
0.35755
0.34478
0.33623
0.32405
0.29545
0.26452
0.26328
0.29664
0.33098
0.33479
0.30816
0.26356
0.20287
0.13008
0.065679
0.02524
-0.005001
-0.049367
-0.10597
-0.14831
-0.15849
-0.13724
-0.083585
0.0078109
0.1191
0.20132
0.2124
0.15396
0.060142
-0.03607
-0.1111
-0.14234
-0.11979
-0.067098
-0.030549
-0.039972
-0.088548
-0.14699
-0.18134
-0.15822
-0.057121
0.10569
0.27281
0.37776
0.38406
0.29667
0.15095
0.0026098
-0.08272
-0.056874
0.076624
0.25695
0.40115
0.449
0.38412
0.23271
0.055075
-0.073405
-0.098477
-0.017946
0.12344
0.26696
0.36317
0.37464
0.28401
0.11505
-0.066905
-0.19405
-0.23744
-0.20731
-0.12802
-0.030781
0.040979
0.049762
-0.0047116
-0.090699
-0.18417
-0.28318
-0.37941
-0.44195
-0.44501
-0.3946
-0.31517
-0.22696
-0.15086
-0.1164
-0.13879
-0.1914
-0.22182
-0.1988
-0.13252
-0.05174
0.020437
0.063903
0.057282
-0.0028229
-0.084884
-0.14211
-0.14765
-0.099395
-0.0010796
0.13553
0.26873
0.3361
0.30272
0.18935
0.046266
-0.083205
-0.16445
-0.16407
-0.072361
0.071001
0.19829
0.26391
0.26066
0.19657
0.085841
-0.033202
-0.1031
-0.092136
-0.021184
0.066214
0.14424
0.2019
0.22213
0.19317
0.13435
0.083968
0.059845
0.051476
0.050099
0.062135
0.086258
0.10018
0.085005
0.04875
0.012168
-0.016839
-0.040007
-0.050215
-0.036181
-0.0038767
0.025002
0.039748
0.051141
0.070133
0.090838
0.10378
0.11266
0.12475
0.13351
0.12469
0.093917
0.045895
-0.017385
-0.091206
-0.15253
-0.16703
-0.1182
-0.021264
0.093544
0.19881
0.26621
0.26235
0.16977
0.013104
-0.14907
-0.26096
-0.29201
-0.23313
-0.096335
0.074199
0.21233
0.2704
0.24704
0.17362
0.088779
0.03295
0.044126
0.13081
0.24957
0.32779
0.31505
0.20962
0.045106
-0.12947
-0.2573
-0.28894
-0.21271
-0.067729
0.083647
0.19546
0.24829
0.23575
0.16236
0.055056
-0.04329
-0.10369
-0.12814
-0.13232
-0.12215
-0.096082
-0.059822
-0.022896
0.015269
0.059354
0.097561
0.10329
0.063097
-0.0091189
-0.0901
-0.16455
-0.21671
-0.22194
-0.16605
-0.068514
0.028206
0.090993
0.10752
0.07325
-0.010828
-0.12143
-0.21165
-0.24027
-0.19778
-0.10129
0.020972
0.13097
0.18539
0.1627
0.084203
-0.0050839
-0.07361
-0.11221
-0.11762
-0.088628
-0.038814
0.0050354
0.023371
0.012653
-0.027364
-0.099688
-0.19523
-0.28376
-0.33113
-0.31991
-0.24691
-0.11362
0.063608
0.23883
0.35112
0.36206
0.27666
0.1333
-0.01674
-0.12481
-0.16082
-0.12734
-0.055997
0.015779
0.065753
0.08843
0.08731
0.075542
0.079976
0.12895
0.2257
0.33649
0.41026
0.41023
0.33038
0.1958
0.057637
-0.022482
-0.0043742
0.10346
0.25011
0.37555
0.43617
0.40984
0.29969
0.14309
0.0021884
-0.072099
-0.069461
-0.014352
0.057676
0.11164
0.11772
0.067433
-0.010445
-0.06108
-0.03839
0.067698
0.22807
0.38678
0.48019
0.46282
0.33201
0.13273
-0.064979
-0.20077
-0.24811
-0.2187
-0.15247
-0.09948
-0.097021
-0.14941
-0.22322
-0.26525
-0.23414
-0.12582
0.022522
0.15051
0.20435
0.16423
0.053637
-0.077226
-0.18186
-0.23634
-0.23912
-0.20717
-0.17498
-0.18
-0.23232
-0.30026
-0.33363
-0.29997
-0.19801
-0.049946
0.10607
0.22345
0.26578
0.22462
0.11597
-0.036127
-0.20335
-0.34576
-0.41958
-0.40326
-0.31129
-0.17858
-0.036977
0.090359
0.18278
0.2232
0.20769
0.15061
0.079428
0.023395
0.0017278
0.015987
0.049173
0.072473
0.059797
0.0048148
-0.073236
-0.14242
-0.17671
-0.1636
-0.10461
-0.018387
0.061741
0.10694
0.11197
0.090318
0.055112
0.01463
-0.018433
-0.030717
-0.026052
-0.026998
-0.050931
-0.091254
-0.12434
-0.12293
-0.058572
0.089396
0.30679
0.53179
0.68683
0.72607
0.64786
0.47531
0.24698
0.022664
-0.12975
-0.1694
-0.099974
0.045719
0.22286
0.37596
0.44876
0.41452
0.2945
0.14086
0.0082273
-0.057622
-0.025647
0.10213
0.27735
0.42306
0.47312
0.40283
0.23628
0.034553
-0.12961
-0.20229
-0.16986
-0.061181
0.068545
0.16321
0.18816
0.13927
0.038253
-0.078819
-0.17495
-0.22652
-0.23294
-0.21403
-0.19582
-0.19603
-0.21802
-0.25128
-0.274
-0.26039
-0.19727
-0.09992
-0.0084387
0.036985
0.019005
-0.053847
-0.15686
-0.25754
-0.32377
-0.33678
-0.30134
-0.24241
-0.19176
-0.17446
-0.19786
-0.24324
-0.26954
-0.2378
-0.1422
-0.017905
0.084487
0.13211
0.12146
0.070163
0.0076853
-0.031942
-0.024186
0.030764
0.10704
0.16702
0.17749
0.12322
0.020189
-0.080798
-0.11508
-0.044002
0.11734
0.30729
0.44934
0.48323
0.38664
0.18998
-0.027038
-0.17152
-0.18879
-0.087455
0.076288
0.22906
0.30419
0.2656
0.13047
-0.035174
-0.15569
-0.18473
-0.11412
0.033241
0.20488
0.32791
0.34323
0.24217
0.068157
-0.11381
-0.24448
-0.28064
-0.20532
-0.042447
0.14704
0.29719
0.36862
0.35217
0.2573
0.11183
-0.033461
-0.12174
-0.12344
-0.050205
0.062416
0.17637
0.25592
0.27128
0.2162
0.12085
0.034786
-0.0067993
0.0020637
0.048805
0.11231
0.16162
0.16409
0.11019
