-0.070753
-0.17872
-0.24376
-0.35257
-0.38418
-0.33628
-0.23892
-0.13062
-0.036741
0.034373
0.082956
0.11
0.11577
0.10219
0.073656
0.03476
-0.011376
-0.061746
-0.11306
-0.16592
-0.22778
-0.30587
-0.39484
-0.47405
-0.52038
-0.52355
-0.49039
-0.43917
-0.39192
-0.36562
-0.36245
-0.36701
-0.35659
-0.31612
-0.24456
-0.1517
-0.053056
0.034875
0.10165
0.14837
0.18425
0.21558
0.2387
0.24467
0.2302
0.20354
0.17971
0.1699
0.1735
0.1796
0.17766
0.16923
0.1706
0.20394
0.28333
0.40331
0.53539
0.63631
0.66784
0.61726
0.50272
0.3588
0.21492
0.084609
-0.028678
-0.11962
-0.17673
-0.18856
-0.15327
-0.084994
-0.014311
0.021081
-0.0023158
-0.072648
-0.14427
-0.16749
-0.12184
-0.024868
0.082707
0.15666
0.16613
0.10933
0.017316
-0.067689
-0.12398
-0.15789
-0.18224
-0.19848
-0.20349
-0.20214
-0.20335
-0.2099
-0.22001
-0.23397
-0.25054
-0.26087
-0.25504
-0.23384
-0.20778
-0.18555
-0.16899
-0.1573
-0.1492
-0.14063
-0.12578
-0.1023
-0.07377
-0.046797
-0.026878
-0.016198
-0.013572
-0.015735
-0.018281
-0.01549
-0.0016678
0.024514
0.056902
0.083976
0.093758
0.077936
0.036034
-0.020601
-0.069804
-0.086765
-0.054981
0.024899
0.13114
0.22604
0.27245
0.25447
0.18831
0.11496
0.077897
0.099125
0.16839
0.25161
0.31107
0.32462
0.29596
0.2522
0.22701
0.23714
0.26975
0.29139
0.26948
0.1895
0.061279
-0.083929
-0.20566
-0.27392
-0.28427
-0.25595
-0.21621
-0.18623
-0.17691
-0.19118
-0.2282
-0.28688
-0.36486
-0.45104
-0.52122
-0.54804
-0.52074
-0.45566
-0.38645
-0.34282
-0.33457
-0.3497
-0.36364
-0.35231
-0.30274
-0.21635
-0.10343
0.025612
0.16328
0.30004
0.42098
0.51145
0.56564
0.58675
0.5791
0.54249
0.47536
0.38262
0.28
0.19144
0.1413
0.14435
0.19651
0.27132
0.32946
0.33888
0.29095
0.20051
0.09513
0.0051815
-0.045082
-0.04908
-0.023913
-0.00078559
-0.0068073
-0.053585
-0.13523
-0.22979
-0.30614
-0.33985
-0.3274
-0.28495
-0.23522
-0.19647
-0.17827
-0.18113
-0.19996
-0.22902
-0.25994
-0.27426
-0.24633
-0.16283
-0.039814
0.08248
0.16227
0.17698
0.13215
0.058807
-0.0010676
-0.016695
0.016183
0.077762
0.13734
0.16438
0.13762
0.057997
-0.043604
-0.11926
-0.1336
-0.085127
-0.0030493
0.070943
0.10006
0.065115
-0.026452
-0.14188
-0.23944
-0.28835
-0.27634
-0.20672
-0.09802
0.013885
0.085006
0.085681
0.017904
-0.086579
-0.18111
-0.22055
-0.17807
-0.060139
0.093303
0.23111
0.32018
0.35719
0.35798
0.34091
0.31836
0.29558
0.27132
0.241
0.20324
0.16154
0.11502
0.047505
-0.066923
-0.2396
-0.44511
-0.62314
-0.70542
-0.65098
-0.47104
-0.23009
-0.01796
0.095615
0.095225
0.018065
-0.079739
-0.1589
-0.20886
-0.23561
-0.24374
-0.2281
-0.17832
-0.090468
0.022664
0.13126
0.20175
0.21619
0.18346
0.13361
0.10091
0.1083
0.15967
0.23899
0.31525
0.35549
0.342
0.28193
0.20161
0.13236
0.099242
0.11479
0.17387
0.25172
0.3122
0.32403
0.27388
0.16903
0.032247
-0.10579
-0.21473
-0.2715
-0.26346
-0.18916
-0.061579
0.085874
0.20002
0.22539
0.13511
-0.046025
-0.24788
-0.39112
-0.42938
-0.37134
-0.27307
-0.20695
-0.22221
-0.31718
-0.44159
-0.52884
-0.53383
-0.44949
-0.2977
-0.11264
0.069335
0.21553
0.30437
0.3299
0.29843
0.22442
0.13364
0.063797
0.0486
0.09441
0.17476
0.24992
0.29066
0.28688
0.24353
0.17406
0.093093
0.008354
-0.07966
-0.16674
-0.23608
-0.26686
-0.25397
-0.21666
-0.18661
-0.18787
-0.22469
-0.28078
-0.32694
-0.33526
-0.29469
-0.21754
-0.13097
-0.06006
-0.014675
0.012138
0.034584
0.060917
0.087227
0.10295
0.10129
0.084123
0.059934
0.04017
0.036136
0.054619
0.094916
0.15152
0.21889
0.29085
0.35643
0.40033
0.40918
0.37591
0.29989
0.18811
0.058777
-0.060264
-0.14206
-0.17313
-0.15846
-0.11824
-0.081242
-0.075152
-0.1125
-0.18056
-0.24813
-0.28701
-0.28917
-0.26679
-0.24126
-0.2312
-0.24189
-0.25943
-0.25807
-0.21857
-0.14009
-0.035486
0.078192
0.18177
0.25444
0.28226
0.26795
0.23
0.19388
0.18342
0.21132
0.26759
0.31823
0.32449
0.26967
0.16949
0.059516
-0.025489
-0.065607
-0.059165
-0.017603
0.044015
0.11382
0.18236
0.23752
0.26373
0.2497
0.19926
0.13467
0.08563
0.069645
0.078591
0.083352
0.053977
-0.019966
-0.12344
-0.22636
-0.3011
-0.33627
-0.34079
-0.33634
-0.34285
-0.36738
-0.40429
-0.44215
-0.46787
-0.46736
-0.42951
-0.35393
-0.25409
-0.15183
-0.069015
-0.022175
-0.018506
-0.051125
-0.099077
-0.13742
-0.15047
-0.1357
-0.097844
-0.044848
0.010282
0.050157
0.060746
0.03861
-0.0083592
-0.062706
-0.099042
-0.091248
-0.026944
0.082449
0.20771
0.31847
0.39411
0.42291
0.3989
0.32406
0.21093
0.078891
-0.051952
-0.16226
-0.23345
-0.25397
-0.2284
-0.17715
-0.12321
-0.078305
-0.041209
-0.0067483
0.025605
0.050692
0.062603
0.061127
0.055752
0.063014
0.095978
0.15249
0.21269
0.24917
0.24235
0.1905
0.10945
0.023462
-0.046759
-0.091745
-0.11287
-0.11668
-0.11008
-0.098949
-0.087887
-0.078961
-0.070728
-0.058882
-0.038177
-0.0052779
0.037595
0.080571
0.10891
0.11035
0.082537
0.035995
-0.009131
-0.031185
-0.015374
0.041872
0.13218
0.23588
0.32651
0.38208
0.39635
0.37876
0.3444
0.30728
0.28008
0.2704
0.27147
0.2619
0.22123
0.14588
0.049382
-0.047962
-0.12654
-0.17159
-0.18038
-0.1666
-0.15181
-0.14854
-0.15319
-0.15481
-0.14824
-0.13876
-0.13845
-0.15924
-0.20544
-0.26929
-0.33594
-0.39596
-0.45207
-0.51079
-0.5677
-0.6029
-0.59081
-0.51507
-0.37878
-0.20631
-0.036123
0.093028
0.15526
0.14321
0.067037
-0.04876
-0.17109
-0.2684
-0.32142
-0.32759
-0.29797
-0.25007
-0.19969
-0.1554
-0.12031
-0.099596
-0.10297
-0.13512
-0.1837
-0.22023
-0.21677
-0.16548
-0.086714
-0.019352
0.0020452
-0.029413
-0.085241
-0.1178
-0.091254
-0.0045375
0.11078
0.21357
0.27648
0.29433
0.27941
0.2531
0.23751
0.24701
0.28301
0.33665
0.39661
0.45403
0.50136
0.53097
0.539
0.53037
0.51641
0.50482
0.49283
0.47088
0.43126
0.37268
0.30111
0.23113
0.1833
0.1719
0.19214
0.22261
0.24162
0.23867
0.21222
0.16481
0.10409
0.041857
-0.014428
-0.065609
-0.11192
-0.14477
-0.15422
-0.14227
-0.12277
-0.11068
-0.11714
-0.1513
-0.21611
-0.29979
-0.37899
-0.43511
-0.46554
-0.47868
-0.48352
-0.48565
-0.48689
-0.48287
-0.46363
-0.42298
-0.36819
-0.31794
-0.29001
-0.29054
-0.31087
-0.32924
-0.3169
-0.25066
-0.12796
0.025987
0.16569
0.24418
0.23445
0.14454
0.018291
-0.081986
-0.1054
-0.039053
0.085623
0.21114
0.28458
0.28213
0.21574
0.12126
0.035764
-0.022568
-0.059528
-0.092592
-0.13301
-0.17739
-0.2133
-0.23073
-0.22854
-0.21217
-0.18665
-0.15144
-0.10124
-0.032542
0.049043
0.12749
0.18407
0.2092
0.20892
0.20008
0.19767
0.20348
0.20453
0.18189
0.12325
0.030072
-0.083683
-0.19805
-0.29364
-0.35594
-0.37696
-0.35477
-0.29368
-0.20753
-0.12266
-0.071394
-0.073383
-0.1173
-0.16086
-0.15272
-0.061161
0.10824
0.313
0.49022
0.58293
0.56505
0.45051
0.28157
0.10712
-0.0326
-0.11097
-0.11671
-0.05591
0.050204
0.17319
0.28548
0.36599
0.40656
0.41765
0.42289
0.44059
0.46821
0.486
0.47417
0.42506
0.34299
0.24046
0.13646
0.052527
0.0043408
-0.0043431
0.018791
0.056411
0.082253
0.068181
0.00013871
-0.11035
-0.23239
-0.33365
-0.39374
-0.40835
-0.38921
-0.36008
-0.34496
-0.35503
-0.38633
-0.42832
-0.4712
-0.50633
-0.52492
-0.51838
-0.47798
-0.39559
-0.27182
-0.12737
-0.002491
0.06277
0.053489
-0.010028
-0.082595
-0.11593
-0.081088
0.0166
0.13843
0.23264
0.26309
0.22602
0.14515
0.055313
-0.010314
-0.026838
0.015482
0.10466
0.20883
0.28922
0.31661
0.28184
0.19709
0.088498
-0.017173
-0.10514
-0.17612
-0.23927
-0.30139
-0.36062
-0.4078
-0.43341
-0.4344
-0.41451
-0.37742
-0.32181
-0.24611
-0.15798
-0.077157
-0.028992
-0.035208
-0.10498
-0.22608
-0.36227
-0.46538
-0.49689
-0.44228
-0.31095
-0.1303
0.059617
0.21652
0.3136
0.35174
0.35376
0.34639
0.34563
0.3523
0.35475
0.3376
0.29524
0.24131
0.20307
0.20302
0.2445
0.31239
0.3838
0.43744
0.45921
0.44673
0.41089
0.36935
0.33557
0.31353
0.3012
0.29489
0.28908
0.2765
0.25312
0.22262
0.1934
0.17096
0.15458
0.14103
0.13009
0.12609
0.13437
0.15456
0.17588
0.17933
0.14617
0.067302
-0.050679
-0.18497
-0.30391
-0.38049
-0.40276
-0.3744
-0.31014
-0.23345
-0.17275
-0.1499
-0.16766
-0.20937
-0.25115
-0.27391
-0.2691
-0.24181
-0.21066
-0.1981
-0.2142
-0.24974
-0.2852
-0.30438
-0.29999
-0.27302
-0.23299
-0.19643
-0.17874
-0.18564
-0.2142
-0.26
-0.31815
-0.37699
-0.41765
-0.42458
-0.3952
-0.33799
-0.26552
-0.19243
-0.1343
-0.10032
-0.087522
-0.087575
-0.098494
-0.12252
-0.15163
-0.16295
-0.13363
-0.058487
0.047551
0.15782
0.24159
0.27168
0.23611
0.14585
0.02868
-0.08465
-0.16825
-0.20196
-0.17514
-0.09431
0.015398
0.11964
0.18825
0.20531
0.17465
0.1199
0.074728
0.065096
0.094662
0.14457
0.1867
0.19988
0.17933
0.13665
0.092145
0.064821
0.066127
0.10022
0.16661
0.25999
0.36785
0.47048
0.54638
0.58149
0.57761
0.55295
0.53184
0.53081
0.55178
0.58468
0.61294
0.61874
0.58957
0.52354
0.42837
0.31695
0.20733
0.12411
0.089706
0.10634
0.14739
0.16965
0.13592
0.03084
-0.13327
-0.31738
-0.46805
-0.54314
-0.53619
-0.47865
-0.41909
-0.39868
-0.43799
-0.53359
-0.65848
-0.76933
-0.82339
-0.79678
-0.69153
-0.53004
-0.34667
-0.18081
-0.066846
-0.020796
-0.034998
-0.087192
-0.15389
-0.21577
-0.25824
-0.27648
-0.28106
-0.29189
-0.3219
-0.36655
-0.40808
-0.42645
-0.40703
-0.34534
-0.25147
-0.14957
-0.067259
-0.020775
-0.0078077
-0.011671
-0.010764
0.012106
0.061111
0.12203
0.16682
0.16979
0.12525
0.05246
-0.015713
-0.050524
-0.038759
0.016111
0.099166
0.19144
0.27669
0.34375
0.38341
0.38708
0.35436
0.30231
0.26033
0.24856
0.26005
0.2644
0.2285
0.13734
0.0049963
-0.12736
-0.20886
-0.20661
-0.12439
0.0035173
0.13636
0.24656
0.32375
0.37046
0.39741
0.41694
0.43302
0.43582
0.40912
0.34431
0.24681
0.13051
0.01068
-0.095868
-0.16937
-0.19367
-0.16668
-0.10304
-0.027526
0.032475
0.053437
0.026655
-0.030452
-0.078626
-0.081093
-0.028233
0.059678
0.14981
0.2138
0.23317
0.20027
0.12237
0.023691
-0.063246
-0.11263
-0.11495
-0.077324
-0.020374
0.02697
0.039096
0.0092582
-0.045409
-0.09803
-0.13294
-0.15308
-0.17066
-0.19621
-0.23582
-0.28999
-0.34802
-0.3868
-0.38311
-0.32985
-0.23947
-0.13447
-0.039206
0.022163
0.030874
-0.015761
-0.10058
-0.19724
-0.28428
-0.34899
-0.38396
-0.38755
-0.36786
-0.34038
-0.31946
-0.31323
-0.32442
-0.34899
-0.37088
-0.36416
-0.30787
-0.20138
-0.065578
0.069251
0.17709
0.24422
0.27214
0.27539
0.27311
0.2778
0.28891
0.29521
0.28204
0.23762
0.15783
0.050637
-0.061766
-0.14869
-0.18474
-0.16351
-0.10101
-0.02675
0.030994
0.056932
0.05321
0.036032
0.025713
0.034372
0.059565
0.089881
0.11744
0.14428
0.17658
0.21494
0.25116
0.27195
0.26446
0.22334
0.15949
0.10226
0.086073
0.12822
0.21652
0.31575
0.38499
0.39481
0.34015
0.2449
0.15217
0.10185
0.10968
0.16155
0.22396
0.26067
0.24778
0.18415
0.093765
0.015205
-0.019699
-0.0039319
0.043547
0.092135
0.11573
0.10114
0.04971
-0.025114
-0.10503
-0.17685
-0.2372
-0.2872
-0.32286
-0.3326
-0.30546
-0.24264
-0.16248
-0.095311
-0.071085
-0.10467
-0.18502
-0.27679
-0.33833
-0.34626
-0.30825
-0.25522
-0.22253
-0.23515
-0.30044
-0.40464
-0.51454
-0.58925
-0.59766
-0.5297
-0.39706
-0.23045
-0.074923
0.023955
0.041878
-0.011726
-0.10225
-0.18919
-0.24022
-0.23867
-0.18918
-0.11617
-0.049065
-0.0054212
0.012778
0.012388
0.0059044
0.012394
0.051192
0.12828
0.2294
0.3264
0.38828
0.39024
0.32395
0.20822
0.087915
0.014455
0.02062
0.1086
0.25541
0.42487
0.57773
0.68026
0.71305
0.67542
0.582
0.45509
0.31971
0.20059
0.11522
0.064131
0.029607
-0.011304
-0.069393
-0.1364
-0.19116
-0.21117
-0.1841
-0.11693
-0.035779
0.028528
0.059391
0.060727
0.046511
0.026772
0.0022792
-0.032667
-0.084682
-0.15461
-0.23184
-0.29572
-0.32605
-0.31476
-0.26918
-0.20643
-0.14553
-0.1017
-0.082255
-0.083881
-0.093404
-0.093024
-0.067706
-0.011181
0.07134
0.16362
0.24155
0.27986
0.26273
0.19436
0.10074
0.017975
-0.026315
-0.026497
-0.0017165
0.011079
-0.026854
-0.13378
-0.29169
-0.4524
-0.56372
-0.59562
-0.54941
-0.45117
-0.33847
-0.24429
-0.1819
-0.14107
-0.10004
-0.043085
0.031004
0.11037
0.17381
0.19541
0.15512
0.052524
-0.087463
-0.22269
-0.31026
-0.32279
-0.25919
-0.14477
-0.017009
0.096193
0.18891
0.26989
0.34462
0.40467
0.43194
0.41141
0.34284
0.24555
0.15243
0.093916
0.081272
0.10243
0.1328
0.1504
0.14381
0.11189
0.061527
0.0059771
-0.038828
-0.061283
-0.059289
-0.03859
-0.0070378
0.028505
0.061661
0.086877
0.10113
0.10249
0.085221
0.038883
-0.043849
-0.15615
-0.27337
-0.3607
-0.38719
-0.33964
-0.23142
-0.10148
0.0011855
0.042293
0.019278
-0.042861
-0.11047
-0.15664
-0.16545
-0.13195
-0.062889
0.026957
0.12385
0.22013
0.30916
0.3792
0.41698
0.41664
0.38171
0.32005
0.24127
0.15825
0.083957
0.023524
-0.026023
-0.065983
-0.091009
-0.097068
-0.088823
-0.074227
-0.056419
-0.036607
-0.021429
-0.021337
-0.043528
-0.0908
-0.16342
-0.25402
-0.34025
-0.3899
-0.37862
-0.30389
-0.18453
-0.052274
0.056513
0.11067
0.098556
0.037897
-0.030971
-0.066334
-0.046188
0.021595
0.10136
0.14388
0.11064
-0.0038539
-0.16861
-0.33328
-0.45061
-0.49033
-0.44451
-0.32913
-0.18046
-0.043114
0.046041
0.069694
0.033143
-0.039108
-0.11151
-0.15139
-0.14471
-0.10216
-0.049379
-0.010611
0.0012675
-0.012465
-0.036075
-0.045509
-0.02428
0.023944
0.081358
0.1327
0.17145
0.19406
0.19904
0.19415
0.19482
0.20962
0.23104
0.24373
0.23755
0.21071
0.16736
0.11776
0.076261
0.051607
0.039237
0.026807
0.0067844
-0.018803
-0.043882
-0.063898
-0.075972
-0.078443
-0.073197
-0.066327
-0.063678
-0.065799
-0.067786
-0.062538
-0.043823
-0.0098928
0.031921
0.064995
0.072047
0.047474
0.0031724
-0.036913
-0.049955
-0.027101
0.022186
0.077709
0.12274
0.15438
0.18264
0.21849
0.26013
0.29051
0.29103
0.25904
0.21156
0.17287
0.15891
0.16894
0.1845
0.1756
0.11762
0.012779
-0.1044
-0.18871
-0.21434
-0.18348
-0.11233
-0.020357
0.067431
0.1246
0.14076
0.12672
0.094446
0.041898
-0.031007
-0.10212
-0.14152
-0.14537
-0.14082
-0.15798
-0.21107
-0.30508
-0.43783
-0.58378
-0.69378
-0.73045
-0.70051
-0.64158
-0.58422
-0.53803
-0.50448
-0.48077
-0.44895
-0.38073
-0.26551
-0.12749
-0.0087791
0.059005
0.063671
0.005746
-0.10091
-0.22132
-0.30669
-0.32117
-0.26057
-0.14261
0.013163
0.18681
0.34685
0.45566
0.49332
0.4692
0.40841
0.33606
0.27605
0.24911
0.2584
0.28327
0.29807
0.29468
0.28004
0.25895
0.23072
0.19851
0.16813
0.13738
0.10016
0.065304
0.059156
0.10086
0.18234
0.27919
0.37189
0.44608
0.48228
0.46462
0.40054
0.31734
0.23746
0.16999
0.12398
0.10876
0.11516
0.11658
0.099141
0.073419
0.046154
0.0013691
-0.073406
-0.15949
-0.22603
-0.26457
-0.28569
-0.29404
-0.29008
-0.28879
-0.30999
-0.3479
-0.37221
-0.36567
-0.34474
-0.33721
-0.35426
-0.3907
-0.43439
-0.4609
-0.43383
-0.33369
-0.18534
-0.0409
0.064384
0.12764
0.15665
0.15482
0.13177
0.10891
0.10124
0.10214
0.093894
0.065906
0.018086
-0.041182
-0.089446
-0.092616
-0.030564
0.077526
0.18284
0.24434
0.25245
0.22097
0.16992
0.1203
0.091205
0.087127
0.090455
0.077784
0.043575
-0.00098215
-0.049594
-0.10621
-0.16559
-0.20481
-0.20465
-0.16865
-0.11051
-0.033869
0.060048
0.1532
0.21796
0.24122
0.22438
0.16142
0.040105
-0.12705
-0.29203
-0.40689
-0.46034
-0.46794
-0.4402
-0.38125
-0.31207
-0.26764
-0.26205
-0.2738
-0.27488
-0.26002
-0.2377
-0.20997
-0.17922
-0.16153
-0.16711
-0.17182
-0.1363
-0.058093
0.021816
0.074159
0.11632
0.17732
0.25512
0.33173
0.40619
0.48099
0.53141
0.524
0.46111
0.3792
0.30657
0.24916
0.2121
0.20163
0.20089
0.17494
0.113
0.044481
0.0020875
-0.010939
-0.0054483
0.018724
0.062084
0.10501
0.12034
0.099044
0.048069
-0.024595
-0.10105
-0.14193
-0.11437
-0.033497
0.04615
0.082708
0.072718
0.029439
-0.036193
-0.10758
-0.16386
-0.20509
-0.25604
-0.32712
-0.38663
-0.39229
-0.34132
-0.26929
-0.20326
-0.13642
-0.050812
0.053755
0.16296
0.26589
0.35468
0.41196
0.41582
0.36221
0.2718
0.16872
0.061347
-0.047691
-0.1422
-0.19844
-0.20731
-0.17456
-0.099833
0.021281
0.16331
0.26128
0.26147
0.17768
0.077893
0.016801
-0.001225
0.0011549
0.0032083
-0.018464
-0.093849
-0.23009
-0.38718
-0.50662
-0.56113
-0.55793
-0.50191
-0.38851
-0.23816
-0.10336
-0.01956
0.028629
0.069605
0.093874
0.070981
0.0037622
-0.069495
-0.1241
-0.16692
-0.20348
-0.22186
-0.21944
-0.21285
-0.20227
-0.15315
-0.040088
0.10593
0.21783
0.2511
0.20653
0.11085
0.00048605
-0.083737
-0.11555
-0.10503
-0.087436
-0.085515
-0.089499
-0.071859
-0.01331
0.08173
0.18323
0.24856
0.24925
0.19206
0.11176
0.041892
-0.0042935
-0.026151
-0.020845
0.014632
0.071798
0.13239
0.18287
0.21935
0.23826
0.23408
0.21333
0.20035
0.21386
0.23834
0.23244
0.17126
0.072243
-0.023079
-0.080667
-0.083838
-0.033188
0.04249
0.086211
0.05216
-0.047141
-0.14779
-0.19419
-0.18007
-0.13069
-0.069643
-0.019033
-0.008412
-0.049791
-0.10874
-0.13251
-0.11306
-0.09764
-0.13051
-0.20724
-0.29097
-0.34407
-0.33259
-0.23444
-0.071727
0.083844
0.16468
0.1595
0.10289
0.035339
-0.0084816
0.0020499
0.071749
0.16194
0.22014
0.22673
0.19729
0.1495
0.093369
0.050461
0.051619
0.10319
0.17488
0.23313
0.26846
0.27657
0.2356
0.13351
0.009812
-0.063222
-0.047233
0.034481
0.13187
0.19898
0.18886
0.064066
-0.15545
-0.37696
-0.49964
-0.49255
-0.39793
-0.27456
-0.15975
-0.073711
-0.025745
-0.0055584
0.0092366
0.019619
-0.0065742
-0.091156
-0.19672
-0.24586
-0.19404
-0.068703
0.061106
0.13216
0.10715
-0.015182
-0.18653
-0.32421
-0.36716
-0.32111
-0.24334
-0.18775
-0.16965
-0.1732
-0.17628
-0.16465
-0.1339
-0.090144
-0.048054
-0.020053
-0.0064512
-0.0025559
-0.013601
-0.051898
-0.11736
-0.19084
-0.24987
-0.28266
-0.28526
-0.25565
-0.19639
-0.11736
-0.03257
0.043659
0.10026
0.13538
0.15852
0.18313
0.21837
0.26739
0.3256
0.37824
0.40802
0.40964
0.39045
0.35719
0.31246
0.2656
0.23565
0.23913
0.27981
0.3462
0.40842
0.4222
0.35497
0.21611
0.054863
-0.07478
-0.14463
-0.15595
-0.12966
-0.096812
-0.084541
-0.10034
-0.13313
-0.17071
-0.20699
-0.22973
-0.21614
-0.15276
-0.055818
0.032959
0.067339
0.018811
-0.10239
-0.23962
-0.31769
-0.29467
-0.18961
-0.060546
0.039832
0.091596
0.1067
0.11076
0.12407
0.15395
0.19586
0.23299
0.23955
0.20068
0.13319
0.074998
0.051718
0.063707
0.10162
0.15288
0.18987
0.17813
0.11207
0.026892
-0.039401
-0.081323
-0.10867
-0.11084
-0.065701
0.017506
0.089296
0.10371
0.055764
-0.032532
-0.14303
-0.25823
-0.34277
-0.36134
-0.31902
-0.25952
-0.21723
-0.19284
-0.1811
-0.19557
-0.24974
-0.33087
-0.40699
-0.44835
-0.43497
-0.36185
-0.25214
-0.15446
-0.11196
-0.13427
-0.19963
-0.27298
-0.3191
-0.31599
-0.27022
-0.21428
-0.18004
-0.17797
-0.20196
-0.23833
-0.26009
-0.2308
-0.14041
-0.034174
0.019271
-0.0034962
-0.059896
-0.092229
-0.078029
-0.022087
0.073373
0.20369
0.33934
0.4372
0.47693
0.47044
0.43651
0.38422
0.32489
0.28109
0.26927
0.28139
0.29768
0.3148
0.34602
0.3913
0.42431
0.42187
0.39578
0.37921
0.38685
0.40587
0.42313
0.43912
0.44931
0.43331
0.37809
0.29962
0.22456
0.15781
0.087519
0.019936
-0.014617
6.6519e-05
0.040518
0.069695
0.071816
0.044553
-0.023885
-0.1403
-0.27755
-0.38975
-0.45454
-0.47472
-0.44503
-0.35658
-0.24278
-0.1826
-0.23178
-0.3673
-0.51523
-0.61426
-0.63631
-0.5723
-0.43435
-0.26695
-0.12443
-0.031259
0.017945
0.022727
-0.030381
-0.13044
-0.22299
-0.24972
-0.19854
-0.10175
0.0025229
0.087667
0.12697
0.095856
-0.00088364
-0.11905
-0.20502
-0.22964
-0.19072
-0.10205
0.0047869
0.082778
0.098724
0.06083
0.005821
-0.035168
-0.045171
-0.0085621
0.082715
0.20543
0.30588
0.33318
0.26704
0.12086
-0.062638
-0.21862
-0.28687
-0.24893
-0.13662
-0.0028677
0.10802
0.16576
0.15432
0.085006
0.00235
-0.041372
-0.024486
0.033089
0.093363
0.12602
0.11413
0.054651
-0.031382
-0.098184
-0.10519
-0.051432
0.028904
0.10097
0.14519
0.1451
0.086792
-0.017412
-0.12158
-0.17802
-0.17159
-0.11809
-0.043358
0.021017
0.034148
-0.031378
-0.15079
-0.24995
-0.26738
-0.20943
-0.13196
-0.076978
-0.043937
-0.011451
0.041414
0.13288
0.26512
0.40266
0.48802
0.49336
0.44294
0.37873
0.32158
0.27451
0.24263
0.23057
0.22903
0.22
0.19426
0.15658
0.11804
0.08973
0.080004
0.089022
0.1042
0.10414
0.070233
-0.00066778
-0.088664
-0.15579
-0.16664
-0.1127
-0.020426
0.063177
0.094333
0.050158
-0.064287
-0.21732
-0.35901
-0.43747
-0.42234
-0.32719
-0.21234
-0.15492
-0.20161
-0.34077
-0.51417
-0.65202
-0.70421
-0.65871
-0.54525
-0.41601
-0.30972
-0.23319
-0.17958
-0.15078
-0.14571
-0.13809
-0.093326
-0.011467
0.066592
0.10006
0.078856
0.015727
-0.06311
-0.11015
-0.069965
0.07227
0.26354
0.41944
0.4827
0.44344
0.32516
0.17249
0.042459
-0.017925
0.0033313
0.081859
0.17963
0.26791
0.33304
0.36805
0.36555
0.32187
0.24569
0.15694
0.075999
0.015682
-0.018475
-0.025275
-0.0083918
0.019999
0.040461
0.040228
0.02795
0.023667
0.030613
0.033323
0.030737
0.047152
0.092212
0.13287
0.13109
0.09238
0.050672
0.02198
0.0019501
-0.007413
-0.0046552
-0.013151
-0.060079
-0.12882
-0.16347
-0.12877
-0.044783
0.041364
0.097036
0.11106
0.079828
0.0034407
-0.10801
-0.23371
-0.34799
-0.42444
-0.4393
-0.3828
-0.27338
-0.15427
-0.067467
-0.030552
-0.035687
-0.059206
-0.070239
-0.048215
-0.0033025
0.031852
0.037043
0.017369
-0.020218
-0.078278
-0.14612
-0.18962
-0.18096
-0.12302
-0.033039
0.077488
0.18815
0.25111
0.21625
0.081832
-0.090019
-0.21333
-0.23139
-0.13771
0.03207
0.21087
0.31578
0.28849
0.13993
-0.054822
-0.21511
-0.3007
-0.30374
-0.22722
-0.094036
0.04235
0.12742
0.14478
0.10943
0.031877
-0.085961
-0.22115
-0.32379
-0.35239
-0.30146
-0.18913
-0.036951
0.1247
0.24881
0.29705
0.27562
0.23042
0.20486
0.21493
0.25855
0.32011
0.35673
0.31072
0.16399
-0.027989
-0.17423
-0.21548
-0.14787
-0.0028288
0.1692
0.3056
0.35902
0.33342
0.2785
0.23871
0.21729
0.19282
0.15194
0.092351
0.0095644
-0.095136
-0.19495
-0.24534
-0.21882
-0.12408
0.0084871
0.14574
0.25245
0.2931
0.25438
0.16398
0.071174
0.0068277
-0.028815
-0.046409
-0.057032
-0.082127
-0.14968
-0.26862
-0.41947
-0.57419
-0.70755
-0.78518
-0.7658
-0.6363
-0.43674
-0.23773
-0.09613
-0.03569
-0.056017
-0.14025
-0.24933
-0.32328
-0.30927
-0.20171
-0.053255
0.061524
0.097512
0.060711
-0.0054525
-0.046157
-0.023561
0.054774
0.13254
0.14921
0.098825
0.035593
0.015306
0.043841
0.09167
0.13959
0.18409
0.20848
0.19022
0.14993
0.15436
0.23906
0.35172
0.40526
0.36746
0.26569
0.12959
-0.01888
-0.13394
-0.16872
-0.13774
-0.10328
-0.085928
-0.039421
0.065059
0.17951
0.23808
0.23724
0.21835
0.20103
0.17951
0.16248
0.15971
0.13415
0.029233
-0.13679
-0.25352
-0.22653
-0.071147
0.12184
0.27173
0.33068
0.27325
0.12289
-0.036305
-0.13186
-0.17813
-0.23455
-0.30434
-0.33013
-0.28652
-0.21913
-0.17884
-0.16714
-0.1676
-0.18512
-0.21839
-0.22645
-0.1693
-0.070386
0.0023466
0.015598
-0.0073238
-0.043656
-0.10273
-0.18266
-0.242
-0.2519
-0.24369
-0.25805
-0.26663
-0.19662
-0.030756
0.16605
0.32616
0.43726
0.50357
0.49879
0.40071
0.2467
0.10965
0.025288
-0.021794
-0.048582
-0.052666
-0.043628
-0.049847
-0.072613
-0.06656
0.0062387
0.12337
0.22822
0.29111
0.31792
0.31493
0.28098
0.23164
0.19775
0.19093
0.19235
0.18187
0.15663
0.11287
0.032168
-0.096368
-0.25179
-0.3908
-0.46998
-0.45373
-0.32817
-0.13406
0.030205
0.072693
-0.019845
-0.18564
-0.35074
-0.46683
-0.50431
-0.45219
-0.33765
-0.22033
-0.1519
-0.14971
-0.20595
-0.29616
-0.37014
-0.36287
-0.24532
-0.064466
0.083993
0.12937
0.07027
-0.045231
-0.16332
-0.24135
-0.2428
-0.14688
0.026762
0.21818
0.36518
0.43882
0.44087
0.38424
0.29246
0.20545
0.15538
0.12925
0.078077
-0.023357
-0.142
-0.22287
-0.2393
-0.19045
-0.076003
0.090557
0.25574
0.35478
0.37157
0.33898
0.27554
0.15808
-0.024841
-0.22081
-0.34147
-0.33199
-0.19955
0.0047162
0.20422
0.3126
0.27647
0.12418
-0.042567
-0.12044
-0.067222
0.095652
0.3109
0.50131
0.58787
0.5322
0.36732
0.17086
0.0073102
-0.097055
-0.1401
-0.1332
-0.10393
-0.086393
-0.10118
-0.15081
-0.22457
-0.29049
-0.294
-0.19696
-0.028511
0.12148
0.17234
0.11167
-0.0098117
-0.11885
-0.14904
-0.061813
0.1247
0.32729
0.44432
0.42372
0.28294
0.073696
-0.14968
-0.32989
-0.40985
-0.36285
-0.21551
-0.030945
0.12691
0.21199
0.20033
0.10115
-0.034857
-0.13968
-0.17849
-0.17475
-0.17805
-0.21423
-0.27827
-0.36505
-0.47902
-0.60597
-0.69888
-0.71056
-0.63195
-0.49008
-0.32442
-0.18111
-0.11138
-0.14007
-0.22975
-0.30034
-0.296
-0.21892
-0.096484
0.053627
0.20439
0.29334
0.25817
0.10126
-0.1058
-0.28096
-0.37284
-0.35375
-0.21656
0.0031557
0.23076
0.40283
0.50391
0.54567
0.53258
0.4681
0.37892
0.3052
0.26433
0.23962
0.208
0.168
0.13596
0.12299
0.12377
0.12695
0.1298
0.14004
0.16687
0.21186
0.26323
0.29509
0.27806
0.19993
0.079439
-0.04005
-0.11109
-0.10521
-0.030245
0.069486
0.13749
0.13841
0.073568
-0.027027
-0.12158
-0.17313
-0.16497
-0.10733
-0.027939
0.045009
0.092354
0.10303
0.071329
-7.6868e-05
-0.092902
-0.17341
-0.20725
-0.17656
-0.081752
0.065391
0.23825
0.3898
0.47046
0.46265
0.39227
0.30101
0.21297
0.13296
0.068635
0.035757
0.0337
0.029145
-0.020018
-0.12963
-0.28663
-0.4631
-0.61136
-0.66688
-0.59786
-0.45147
-0.32063
-0.2677
-0.30198
-0.40583
-0.53239
-0.59005
-0.49591
-0.26899
-0.036269
0.071548
0.013511
-0.16072
-0.35605
-0.46627
-0.41329
-0.19939
0.083507
0.31887
0.43997
0.43815
0.32843
0.14574
-0.03297
-0.11449
-0.06624
0.051543
0.14621
0.16414
0.092694
-0.065771
-0.27913
-0.46631
-0.54181
-0.48512
-0.34436
-0.1811
-0.03768
0.054626
0.077978
0.049227
0.012395
-0.0040225
-0.0085011
-0.018814
-0.031395
-0.03362
-0.032437
-0.044806
-0.059535
-0.035221
0.050363
0.16688
0.26288
0.31686
0.34366
0.3672
0.40758
0.48046
0.57995
0.66212
0.66809
0.57167
0.39626
0.18973
0.0016098
-0.11601
-0.11845
-0.0090651
0.1401
0.23711
0.24192
0.17446
0.066133
-0.058961
-0.15801
-0.17554
-0.10032
0.012743
0.096632
0.12462
0.10169
0.045136
-0.0016892
0.024173
0.14156
0.28303
0.35083
0.30712
0.18491
0.027865
-0.14164
-0.30054
-0.41778
-0.48617
-0.53055
-0.56235
-0.54914
-0.45556
-0.30058
-0.14975
-0.060828
-0.059834
-0.15413
-0.32676
-0.51139
-0.61086
-0.56704
-0.40201
-0.18362
0.027788
0.18802
0.25891
0.22986
0.1457
0.082223
0.087406
0.16036
0.27802
0.40967
0.50091
0.48123
0.31833
0.058642
-0.19804
-0.35733
-0.36594
-0.22348
0.0082423
0.21584
0.28861
0.18494
-0.047452
-0.30889
-0.50301
-0.57435
-0.5214
-0.38873
-0.24247
-0.13857
-0.098407
-0.10565
-0.12713
-0.13923
-0.13345
-0.10361
-0.044556
0.030567
0.085631
0.086106
0.024045
-0.082717
-0.20285
-0.29595
-0.32013
-0.25519
-0.12223
0.025869
0.13587
0.17891
0.15621
0.095061
0.038782
0.025384
0.064764
0.13754
0.21451
0.26887
0.27466
0.21549
0.1046
-0.017918
-0.11468
-0.16438
-0.14609
-0.039411
0.14156
0.33466
0.4721
0.52743
0.50961
0.43209
0.31425
0.19929
0.13548
0.13447
0.17066
0.22257
0.28799
0.35082
0.36389
0.29105
0.1536
0.012556
-0.087609
-0.13893
-0.14619
-0.1176
-0.084421
-0.096636
-0.17508
-0.28008
-0.34382
-0.32508
-0.22333
-0.059995
0.12609
0.27214
0.31494
0.23772
0.082894
-0.088694
-0.23814
-0.34286
-0.37468
-0.31377
-0.18362
-0.046909
0.043767
0.076013
0.056746
-0.010685
-0.10938
-0.19089
-0.20549
-0.14849
-0.059508
0.017176
0.052482
0.024426
-0.073947
-0.20688
-0.30262
-0.31187
-0.25313
-0.18769
-0.16009
-0.17645
-0.2242
-0.28142
-0.30673
-0.25328
-0.11541
0.047431
0.14798
0.13433
0.020094
-0.13278
-0.25265
-0.29271
-0.24874
-0.15333
-0.049324
0.039032
0.11297
0.17734
0.21631
0.20111
0.12399
0.012417
-0.096185
-0.18229
-0.24078
-0.2636
-0.23864
-0.1597
-0.031838
0.12319
0.26058
0.32545
0.28921
0.17432
0.039549
-0.055866
-0.076025
-0.017087
0.087957
0.17827
0.20094
0.14962
0.064193
-0.0070722
-0.037708
-0.02333
0.022134
0.061081
0.048111
-0.024603
-0.10763
-0.13829
-0.096324
-0.0034824
0.11195
0.22393
0.29774
0.30797
0.27022
0.22687
0.19754
0.1679
0.13014
0.10478
0.10966
0.13243
0.1528
0.17191
0.19599
0.20499
0.1673
0.083841
-0.0083172
-0.07783
-0.11859
-0.1227
-0.065716
0.061033
0.22319
0.36657
0.45117
0.44932
0.33813
0.12548
-0.12881
-0.34701
-0.48828
-0.55665
-0.56994
-0.54394
-0.49721
-0.44201
-0.36807
-0.2565
-0.11535
0.013253
0.085921
0.087171
0.028043
-0.063685
-0.14451
-0.16891
-0.12573
-0.057045
-0.02544
-0.06181
-0.15026
-0.25124
-0.32287
-0.32987
-0.25986
-0.14017
-0.0251
0.041643
0.048687
0.0082508
-0.057053
-0.11649
-0.1397
-0.11965
-0.084524
-0.075915
-0.11277
-0.18011
-0.2494
-0.29788
-0.30456
-0.24408
-0.1062
0.076685
0.23537
0.30361
0.25219
0.097717
-0.099569
-0.2489
-0.27024
-0.14468
0.078085
0.32345
0.53255
0.66503
0.69445
0.62599
0.50589
0.38978
0.30251
0.24052
0.2017
0.18893
0.18726
0.16329
0.095511
-0.0060664
-0.10876
-0.16894
-0.14021
-0.0010674
0.20833
0.38965
0.44425
0.33517
0.10278
-0.16495
-0.37572
-0.46707
-0.42494
-0.28538
-0.11755
0.0096606
0.058905
0.029161
-0.06373
-0.19947
-0.34493
-0.44961
-0.46418
-0.36676
-0.17737
0.040149
0.19345
0.20513
0.062898
-0.17065
-0.39859
-0.53951
-0.55338
-0.44967
-0.28754
-0.1552
-0.12398
-0.20484
-0.34141
-0.44346
-0.43468
-0.2886
-0.043066
0.21012
0.36608
0.36478
0.22365
0.016798
-0.17046
-0.26687
-0.22387
-0.037745
0.2281
0.46374
0.57259
0.51743
0.32487
0.068565
-0.15227
-0.24984
-0.19577
-0.041224
0.11857
0.20907
0.21632
0.17719
0.14109
0.13715
0.16201
0.18673
0.17806
0.12439
0.047148
-0.014764
-0.034052
-0.0094546
0.045309
0.11871
0.20209
0.2793
0.32937
0.34429
0.33424
0.3081
0.25906
0.18136
0.092878
0.026153
0.0028446
0.030878
0.1156
0.24727
0.37821
0.44084
0.40069
0.27785
0.11433
-0.057509
-0.20759
-0.29826
-0.30708
-0.25101
-0.17304
-0.11322
-0.10283
-0.16605
-0.29708
-0.43842
-0.51162
-0.48179
-0.38078
-0.2659
-0.17359
-0.11593
-0.097671
-0.11916
-0.17533
-0.26543
-0.39206
-0.5359
-0.64467
-0.66937
-0.61081
-0.51754
-0.44236
-0.4109
-0.41933
-0.4388
-0.42479
-0.34682
-0.21828
-0.087475
0.0015794
0.030995
0.00045328
-0.079672
-0.17948
-0.25047
-0.25038
-0.16807
-0.025618
0.13383
0.25793
0.30067
0.24473
0.11364
-0.039343
-0.15251
-0.17201
-0.068843
0.14105
0.39448
0.60906
0.71936
0.69773
0.56353
0.38422
0.25115
0.22925
0.32014
0.47025
0.6074
0.67298
0.64089
0.52608
0.37674
0.24978
0.18643
0.20155
0.28256
0.39233
0.47989
0.49921
0.427
0.27284
0.081249
-0.080257
-0.15295
-0.12235
-0.026876
0.066735
0.095392
0.020149
-0.1574
-0.38298
-0.56592
-0.63018
-0.56033
-0.40156
-0.22339
-0.085927
-0.023289
-0.03454
-0.084077
-0.12373
-0.12626
-0.098995
-0.066996
-0.050141
-0.0581
-0.097122
-0.17122
-0.27709
-0.40184
-0.52259
-0.60452
-0.60719
-0.50763
-0.32382
-0.11137
0.068462
0.18219
0.23515
0.25815
0.2815
0.31304
0.33604
0.32786
0.27984
0.20042
0.10553
0.010504
-0.072118
-0.13233
-0.16175
-0.15416
-0.1117
-0.052053
-0.0029851
0.016908
0.011613
8.1627e-05
-0.002331
0.0053746
0.0098709
-0.011965
-0.082377
-0.20413
-0.3476
-0.46097
-0.50015
-0.45612
-0.36073
-0.26923
-0.23017
-0.2602
-0.33972
-0.43163
-0.50666
-0.55588
-0.58606
-0.60641
-0.61503
-0.59196
-0.50729
-0.3457
-0.12891
0.087819
0.2455
0.31286
0.29965
0.2512
0.22746
0.26913
0.36896
0.47684
0.5397
0.53953
0.4981
0.45723
0.45874
0.52933
0.66456
0.82089
0.92958
0.92719
0.78309
0.51333
0.18054
-0.12247
-0.30725
-0.32869
-0.20327
0.0054365
0.21996
0.37712
0.44209
0.4134
0.32042
0.20909
0.12034
0.075126
0.071098
0.084301
0.075488
0.0091704
-0.11876
-0.26749
-0.36825
-0.36208
-0.23338
-0.021478
0.19354
0.32583
0.32606
0.2083
0.042363
-0.084547
-0.11134
-0.028519
0.11937
0.25009
0.27611
0.14573
-0.12611
-0.45676
-0.72936
-0.84582
-0.77142
-0.54705
-0.26558
-0.029249
0.090321
0.074239
-0.04799
-0.22544
-0.4139
-0.5831
-0.70613
-0.75441
-0.70846
-0.57063
-0.36649
-0.13892
0.059812
0.18415
0.21858
0.18679
0.13135
0.083334
0.052297
0.03594
0.025712
0.0051853
-0.04052
-0.1062
-0.16589
-0.19646
-0.19652
-0.18086
-0.16754
-0.17551
-0.21964
-0.29074
-0.34415
-0.32458
-0.20873
-0.021319
0.18363
0.34582
0.4129
0.36075
0.21648
0.051478
-0.063144
-0.098974
-0.073935
-0.027304
0.0049417
0.0065728
-0.0082041
-0.00096475
0.06032
0.16889
0.27812
0.33344
0.30671
0.20854
0.079906
-0.025319
-0.060663
-0.0052942
0.12664
0.28981
0.42418
0.48006
0.44098
0.32965
0.19287
0.077795
0.015183
0.013007
0.056818
0.11625
0.15816
0.16059
0.11972
0.050176
-0.017237
-0.043887
-0.0038686
0.093065
0.19935
0.25507
0.22045
0.093981
-0.086082
-0.25475
-0.35143
-0.35663
-0.30113
-0.23539
-0.19238
-0.17998
-0.1951
-0.23054
-0.27209
-0.30127
-0.30057
-0.24915
-0.12182
0.089013
0.34668
0.57855
0.71895
0.74259
0.6616
0.50693
0.31989
0.14784
0.029603
-0.020526
-0.012502
0.031479
0.084064
0.11566
0.10632
0.061429
0.0091042
-0.023293
-0.028755
-0.019296
-0.015276
-0.040284
-0.11619
-0.24903
-0.41464
-0.56044
-0.62552
-0.56873
-0.39426
-0.16272
0.026801
0.084628
-0.018406
-0.23344
-0.46117
-0.60366
-0.61038
-0.49908
-0.34243
-0.22425
-0.19054
-0.23084
-0.30101
-0.36055
-0.39007
-0.38504
-0.34682
-0.28163
-0.19958
-0.11003
-0.021876
0.050275
0.087892
0.08196
0.039097
-0.031699
-0.13249
-0.26602
-0.41276
-0.5295
-0.57689
-0.54462
-0.45029
-0.32381
-0.1975
-0.097843
-0.030491
0.025672
0.097967
0.19135
0.28657
0.36448
0.42243
0.46664
0.50224
0.53872
0.59636
0.69409
0.82995
0.97942
1.1106
1.1929
1.1948
1.091
0.88414
0.6175
0.35806
0.16858
0.089749
0.12958
0.25194
0.38026
0.4334
0.37365
0.22487
0.049139
-0.090787
-0.15646
-0.14454
-0.086824
-0.033327
-0.022066
-0.060476
-0.13485
-0.23019
-0.33406
-0.42822
-0.49097
-0.51128
-0.49409
-0.45084
-0.39241
-0.33204
-0.28409
-0.25352
-0.23269
-0.21368
-0.19717
-0.18429
-0.16857
-0.14599
-0.12864
-0.1397
-0.19596
-0.29817
-0.42865
-0.5471
-0.59579
-0.52997
-0.35596
-0.13888
0.032408
0.095307
0.044057
-0.072728
-0.18104
-0.22053
-0.17315
-0.066059
0.04974
0.12687
0.1365
0.06969
-0.062866
-0.22789
-0.37444
-0.45384
-0.44282
-0.35224
-0.2193
-0.091494
-0.0071506
0.023768
0.025703
0.04002
0.094003
0.18108
0.26651
0.31005
0.28751
0.20169
0.082145
-0.026897
-0.089686
-0.099468
-0.077144
-0.04839
-0.023839
-0.00095417
0.022812
0.046102
0.069133
0.093314
0.11382
0.12132
0.11647
0.11543
0.132
0.15759
0.16887
0.15412
0.12216
0.086475
0.053739
0.030809
0.029094
0.054396
0.10261
0.17136
0.26298
0.36497
0.43814
0.43997
0.35978
0.2268
0.09096
0.0022574
-0.005292
0.068738
0.18436
0.28149
0.31402
0.26845
0.16134
0.029883
-0.078636
-0.12325
-0.086201
0.020871
0.16099
0.27997
0.32129
0.25093
0.079598
-0.13757
-0.32661
-0.42934
-0.42836
-0.35184
-0.25613
-0.19509
-0.19502
-0.24806
-0.32167
-0.37515
-0.37797
-0.3247
-0.23732
-0.15256
-0.10444
-0.11269
-0.17715
-0.2762
-0.37215
-0.42597
-0.41458
-0.34103
-0.23297
-0.13082
-0.070198
-0.065739
-0.10471
-0.15492
-0.18175
-0.16328
-0.095739
0.0096413
0.13281
0.25048
0.34032
0.38409
0.37126
0.304
0.20082
0.092938
0.012069
-0.023213
-0.013979
0.02293
0.065756
0.099567
0.12256
0.14264
0.16611
0.1877
0.19059
0.15637
0.076343
-0.042359
-0.17677
-0.29318
-0.35701
-0.34571
-0.25969
-0.12545
0.012939
0.11213
0.14746
0.12061
0.056017
-0.0091276
-0.040019
-0.021854
0.031722
0.089377
0.12304
0.11982
0.080515
0.015885
-0.054587
-0.10811
-0.12763
-0.10415
-0.033078
0.081804
0.21724
0.33273
0.39272
0.38495
0.31622
0.20066
0.060401
-0.071506
-0.16319
-0.20098
-0.19109
-0.14983
-0.098676
-0.061491
-0.053061
-0.067802
-0.085729
-0.091404
-0.085466
-0.080759
-0.091883
-0.12585
-0.17574
-0.22261
-0.25025
-0.26191
-0.27914
-0.31921
-0.37374
-0.40947
-0.38829
-0.29
-0.12789
0.049773
0.1809
0.22722
0.199
0.14599
0.12672
0.1804
0.30794
0.46297
0.56734
0.5548
0.41263
0.18655
-0.046924
-0.2122
-0.25826
-0.17753
-0.011267
0.17095
0.30473
0.35062
0.29632
0.15701
-0.02527
-0.19641
-0.31374
-0.35672
-0.32244
-0.2244
-0.096355
0.016536
0.081351
0.094345
0.078232
0.068076
0.093738
0.16062
0.24019
0.28535
0.2625
0.17267
0.047684
-0.068631
-0.14141
-0.16162
-0.14803
-0.12717
-0.10893
-0.087133
-0.062904
-0.056773
-0.09298
-0.17786
-0.29417
-0.40666
-0.4718
-0.45808
-0.37116
-0.25694
-0.17313
-0.15627
-0.21005
-0.30929
-0.40809
-0.45754
-0.4331
-0.34714
-0.23079
-0.10865
0.0031261
0.08369
0.10947
0.072399
-0.011933
-0.11378
-0.19848
-0.23086
-0.18859
-0.078959
0.06835
0.23074
0.40505
0.5858
0.74422
0.84081
0.85255
0.78174
0.64916
0.49214
0.3607
0.29299
0.2836
0.28207
0.22896
0.094728
-0.10839
-0.33408
-0.51222
-0.56707
-0.45373
-0.19313
0.1284
0.39923
0.53189
0.49555
0.32701
0.11797
-0.027322
-0.049872
0.030646
0.13568
0.18451
0.14104
0.020422
-0.13433
-0.27745
-0.3751
-0.41377
-0.40172
-0.35822
-0.30032
-0.24453
-0.21691
-0.24458
-0.32549
-0.41128
-0.43098
-0.33688
-0.13302
0.12769
0.36354
0.49169
0.46388
0.29526
0.057665
-0.16431
-0.31429
-0.37032
-0.333
-0.22523
-0.09507
0.0040305
0.043852
0.028855
-0.020175
-0.076894
-0.10975
-0.095047
-0.041323
0.0087936
0.0089996
-0.063119
-0.20702
-0.40733
-0.62473
-0.79015
-0.8331
-0.72787
-0.51125
-0.26079
-0.06214
0.019083
-0.031958
-0.15851
-0.25586
-0.23806
-0.09315
0.11773
0.30321
0.38699
0.33992
0.19721
0.046291
-0.022073
0.031908
0.1824
0.36695
0.52307
0.60796
0.60828
0.54605
0.46848
0.4199
0.4202
0.46712
0.54744
0.63777
0.70383
0.71452
0.66154
0.56231
0.44647
0.34427
0.28051
0.26288
0.26905
0.25349
0.1777
0.037478
-0.13639
-0.29636
-0.39544
-0.40062
-0.30923
-0.15879
-0.011792
0.07939
0.0976
0.057649
-0.011685
-0.080189
-0.1239
-0.13717
-0.14171
-0.17648
-0.2722
-0.43329
-0.63798
-0.84428
-0.99526
-1.0366
-0.94934
-0.76949
-0.56628
-0.39655
-0.27692
-0.19018
-0.10703
-0.0057617
0.11276
0.21955
0.27248
0.24587
0.14893
0.016993
-0.11112
-0.20662
-0.25118
-0.23724
-0.1732
-0.083318
0.0041293
0.071011
0.1141
0.14134
0.16637
0.20099
0.24451
0.27921
0.28084
0.23621
0.15013
0.037289
-0.087992
-0.21372
-0.3271
-0.41375
-0.46031
-0.45761
-0.40397
-0.30913
-0.19502
-0.089425
-0.015207
0.01631
0.0044814
-0.042402
-0.1042
-0.14855
-0.1441
-0.082297
0.013681
0.10478
0.1621
0.18027
0.17283
0.16033
0.15837
0.16814
0.17626
0.16847
0.1446
0.11618
0.089442
0.057547
0.013744
-0.030168
-0.042726
0.0080117
0.13088
0.30058
0.46563
0.5706
0.58136
0.501
0.36891
0.24282
0.1717
0.17367
0.23151
0.30555
0.35261
0.34125
0.26305
0.14013
0.0213
-0.038949
-0.0090118
0.10425
0.26225
0.41344
0.51016
0.52041
0.43662
0.27844
0.085636
-0.094627
-0.22054
-0.26817
-0.24386
-0.18747
-0.15613
-0.19185
-0.29256
-0.40854
-0.47039
-0.43149
-0.29504
-0.1093
0.058824
0.15004
0.13012
0.00025021
-0.20359
-0.42688
-0.61717
-0.7327
-0.74347
-0.64137
-0.45445
-0.24234
-0.068834
0.024857
0.030181
-0.029077
-0.10335
-0.13879
-0.11
-0.03726
0.030187
0.04977
0.01113
-0.061338
-0.12468
-0.14386
-0.116
-0.075365
-0.072638
-0.14311
-0.28703
-0.47138
-0.6465
-0.76617
-0.8037
-0.75824
-0.64975
-0.50918
-0.37176
-0.27197
-0.23222
-0.24817
-0.28573
-0.29696
-0.2435
-0.11369
0.07049
0.25863
0.39385
0.4431
0.41154
0.32873
0.22484
0.1213
0.035838
-0.015043
-0.021034
0.019974
0.10544
0.22681
0.36245
0.48084
0.55902
0.59582
0.60295
0.58806
0.55277
0.50277
0.45034
0.40645
0.37586
0.35946
0.35559
0.35921
0.36709
0.38601
0.42847
0.49392
0.55767
0.58403
0.55008
0.45637
0.3229
0.18377
0.079949
0.041768
0.069784
0.13508
0.20012
0.23938
0.24566
0.22668
0.19756
0.16951
0.14079
0.10039
0.041595
-0.031878
-0.11413
-0.20591
-0.30938
-0.41596
-0.50608
-0.56318
-0.58564
-0.58466
-0.57338
-0.55678
-0.52606
-0.46144
-0.34745
-0.19302
-0.038705
0.057188
0.044907
-0.091639
-0.32143
-0.57364
-0.76722
-0.84746
-0.80756
-0.68614
-0.54659
-0.44793
-0.41838
-0.44544
-0.48688
-0.4915
-0.41835
-0.25507
-0.03323
0.17602
0.29459
0.27826
0.1366
-0.073827
-0.27208
-0.38487
-0.38087
-0.28414
-0.15068
-0.028277
0.063243
0.12494
0.1672
0.2046
0.24826
0.29674
0.34063
0.37696
0.4099
0.43356
0.42409
0.35702
0.22915
0.060549
-0.11704
-0.268
-0.358
-0.36621
-0.29782
-0.18309
-0.064513
0.016869
0.035838
0.00048216
-0.042013
-0.029997
0.06916
0.23462
0.40662
0.52208
0.54424
0.4778
0.36732
0.27311
0.23419
0.24997
0.29689
0.35387
0.40409
0.42337
0.38609
0.28657
0.14602
0.00063745
-0.10631
-0.12856
-0.041332
0.12306
0.27837
0.34075
0.28419
0.14362
-0.018098
-0.13584
-0.15809
-0.073273
0.069692
0.18493
0.209
0.13759
0.0087309
-0.13291
-0.25012
-0.31478
-0.32044
-0.28942
-0.24959
-0.20506
-0.14496
-0.078004
-0.037136
-0.042556
-0.074582
-0.091721
-0.067423
-0.0065782
0.05862
0.077652
0.00033393
-0.18747
-0.43525
-0.64328
-0.72057
-0.63896
-0.44249
-0.21619
-0.045105
0.018223
-0.024848
-0.11846
-0.18363
-0.1664
-0.064728
0.08273
0.22429
0.31339
0.32023
0.24757
0.13824
0.054321
0.03815
0.088484
0.16733
0.22279
0.21151
0.11765
-0.037029
-0.20377
-0.33508
-0.4068
-0.41717
-0.37385
-0.28803
-0.1772
-0.065658
0.020789
0.060852
0.04378
-0.022899
-0.10931
-0.17123
-0.16918
-0.088395
0.049344
0.18772
0.25734
0.21397
0.071367
-0.10099
-0.21871
-0.23121
-0.14605
-0.022742
0.055292
0.024279
-0.11806
-0.30562
-0.44611
-0.4781
-0.39568
-0.23307
-0.037102
0.15307
0.31796
0.45519
0.55813
0.59942
0.54934
0.41526
0.25156
0.12221
0.055738
0.033928
0.011372
-0.05579
-0.18093
-0.32862
-0.42936
-0.42673
-0.31626
-0.14128
0.041311
0.18963
0.2882
0.3498
0.4063
0.48306
0.57307
0.63806
0.63856
0.56429
0.43922
0.30382
0.19272
0.12069
0.07972
0.046774
-0.0009241
-0.070953
-0.15041
-0.21307
-0.23343
-0.1997
-0.12149
-0.028792
0.041486
0.067408
0.054959
0.027805
0.0037614
-0.018026
-0.051708
-0.11367
-0.21253
-0.33689
-0.45042
-0.51159
-0.5067
-0.45785
-0.39632
-0.3387
-0.29155
-0.25945
-0.23223
-0.17901
-0.080252
0.034961
0.10333
0.082447
-0.019532
-0.16212
-0.29572
-0.366
-0.32899
-0.18839
-0.0080229
0.13126
0.18514
0.15333
0.055519
-0.075042
-0.18336
-0.21103
-0.13698
0.010368
0.18361
0.34359
0.45477
0.48115
0.41107
0.27951
0.14809
0.062695
0.03655
0.061185
0.11246
0.14799
0.12184
0.014991
-0.15231
-0.33758
-0.49513
-0.58029
-0.55649
-0.41732
-0.20223
0.018757
0.18231
0.26108
0.26814
0.24127
0.219
0.21895
0.22738
0.20763
0.12697
-0.013474
-0.1716
-0.29024
-0.33407
-0.30509
-0.23141
-0.14947
-0.090497
-0.06733
-0.06721
-0.063823
-0.039544
0.0091676
0.085347
0.19541
0.33245
0.46603
0.55781
0.58221
0.52898
0.40009
0.21955
0.03896
-0.086474
-0.1338
-0.11924
-0.074295
-0.027681
-0.0072505
-0.037102
-0.11837
-0.22058
-0.30203
-0.33492
-0.30766
-0.21845
-0.085338
0.042196
0.10481
0.078601
-0.0058017
-0.091264
-0.13444
-0.122
-0.067248
-0.0039441
0.027206
0.0043852
-0.058597
-0.12615
-0.17089
-0.1881
-0.18777
-0.18069
-0.16777
-0.13372
-0.053193
0.085118
0.25609
0.40334
0.46903
0.42235
0.27093
0.056414
-0.16416
-0.346
-0.4736
-0.55099
-0.57846
-0.54397
-0.43656
-0.26385
-0.058259
0.12819
0.23906
0.24033
0.147
0.023406
-0.053322
-0.040548
0.049487
0.16478
0.24411
0.24654
0.17447
0.077881
0.025733
0.059736
0.16882
0.30142
0.3963
0.40954
0.33274
0.19793
0.059562
-0.037317
-0.074582
-0.052809
0.021257
0.13183
0.24685
0.3265
0.34345
0.29416
0.19501
0.073643
-0.038974
-0.12001
-0.16565
-0.18919
-0.20723
-0.23085
-0.26916
-0.33171
-0.41922
-0.51328
-0.58064
-0.58947
-0.52433
-0.39331
-0.22822
-0.075225
0.024947
0.056146
0.029195
-0.033325
-0.11324
-0.19969
-0.28168
-0.34258
-0.36261
-0.32818
-0.24362
-0.13725
-0.051895
-0.019738
-0.039187
-0.075054
-0.084838
-0.051148
0.0055817
0.044848
0.041683
0.01258
0.0091553
0.079901
0.2265
0.39043
0.48674
0.46396
0.34395
0.20887
0.14604
0.1937
0.32484
0.47309
0.57631
0.6085
0.58366
0.53462
0.48452
0.43183
0.35899
0.25583
0.13637
0.031463
-0.038634
-0.087085
-0.15293
-0.2647
-0.40636
-0.51675
-0.52492
-0.39866
-0.17833
0.029272
0.10825
0.013248
-0.19402
-0.38988
-0.47598
-0.43235
-0.30712
-0.17395
-0.092011
-0.079675
-0.11132
-0.14636
-0.16868
-0.1939
-0.23767
-0.2884
-0.31885
-0.31681
-0.29524
-0.27722
-0.27896
-0.29984
-0.31328
-0.26815
-0.11854
0.13308
0.42348
0.66279
0.78106
0.7516
0.59303
0.36294
0.13676
-0.029701
-0.12603
-0.1764
-0.20924
-0.24101
-0.27763
-0.31389
-0.32941
-0.29832
-0.21095
-0.083438
0.054539
0.17602
0.26075
0.29453
0.27468
0.21474
0.13782
0.064118
0.0052356
-0.034612
-0.058109
-0.074418
-0.093511
-0.11896
-0.14735
-0.17177
-0.18034
-0.15313
-0.071115
0.063683
0.21835
0.34388
0.40271
0.38724
0.32149
0.24943
0.21335
0.22937
0.27687
0.31244
0.29753
0.21735
0.082295
-0.079745
-0.23137
-0.33549
-0.36908
-0.33341
-0.2517
-0.15748
-0.085075
-0.06356
-0.10431
-0.18398
-0.24405
-0.22072
-0.087744
0.12074
0.32265
0.42569
0.37151
0.16806
-0.1078
-0.34588
-0.46091
-0.43597
-0.32222
-0.19952
-0.13013
-0.13208
-0.17735
-0.21151
-0.19067
-0.11666
-0.03765
-0.0059279
-0.030355
-0.068668
-0.061311
0.026602
0.18007
0.3313
0.38446
0.26872
-0.0091487
-0.35733
-0.64816
-0.7845
-0.73713
-0.54259
-0.27748
-0.024463
0.1591
0.25513
0.27645
0.25116
0.21504
0.20571
0.24475
0.31635
0.36772
0.33949
0.20518
-0.0074966
-0.22634
-0.37082
-0.39637
-0.319
-0.20106
-0.10857
-0.07268
-0.081061
-0.097673
-0.090555
-0.049195
0.014938
0.081108
0.13616
0.18385
0.23817
0.30457
0.3668
0.39563
0.37478
0.31889
0.26415
0.23938
0.24465
0.25317
0.23103
0.16087
0.059352
-0.024704
-0.041057
0.019287
0.11128
0.17211
0.17277
0.1354
0.10787
0.12615
0.1916
0.26899
0.30545
0.26535
0.15821
0.032547
-0.061686
-0.10727
-0.12333
-0.14501
-0.20087
-0.29684
-0.40743
-0.48373
-0.48383
-0.40577
-0.29207
-0.20082
-0.16883
-0.19172
-0.22706
-0.21794
-0.13093
0.013608
0.1474
0.19766
0.1315
-0.033162
-0.24648
-0.44997
-0.59499
-0.66005
-0.65824
-0.62177
-0.57543
-0.52653
-0.47432
-0.41682
-0.34753
-0.25755
-0.14669
-0.025679
0.095105
0.21041
0.31015
0.37408
0.38478
0.34371
0.27178
0.19833
0.15039
0.14314
0.17197
0.21504
0.24764
0.25424
0.22989
0.17983
0.1224
0.084392
0.085052
0.12492
0.18973
0.25855
0.3073
0.316
0.28041
0.2121
0.12476
0.02898
-0.057061
-0.10616
-0.103
-0.060708
-0.010095
0.020274
0.010082
-0.048749
-0.13571
-0.19763
-0.18306
-0.086978
0.044657
0.15042
0.18499
0.12941
-0.00097218
-0.15164
-0.25272
-0.26502
-0.20099
-0.10093
-0.0014296
0.071282
0.098554
0.07957
0.039933
0.017016
0.035739
0.10052
0.19979
0.30511
0.37074
0.35241
0.2383
0.063071
-0.10687
-0.20211
-0.17946
-0.046952
0.1299
0.25967
0.28065
0.19506
0.057058
-0.064288
-0.11664
-0.084686
0.0029395
0.092014
0.13897
0.13
0.067032
-0.050163
-0.2167
-0.40496
-0.56667
-0.65416
-0.63937
-0.52366
-0.34278
-0.15967
-0.036398
7.6616e-05
-0.031595
-0.08808
-0.13013
-0.13633
-0.10433
-0.050784
-0.0063532
0.0014876
-0.033837
-0.098271
-0.17264
-0.24473
-0.31143
-0.37776
-0.45214
-0.53233
-0.59181
-0.58791
-0.49178
-0.31391
-0.10203
0.084235
0.20267
0.2487
0.26029
0.29867
0.40612
0.5682
0.71659
0.77474
0.70857
0.54531
0.35751
0.22751
0.20448
0.27096
0.3478
0.34726
0.23576
0.051251
-0.13414
-0.26202
-0.30828
-0.28145
-0.21587
-0.15321
-0.10976
-0.061513
0.024293
0.14086
0.23547
0.2527
0.17742
0.042663
-0.084711
-0.12607
-0.029759
0.18337
0.41604
0.55575
0.54842
0.4151
0.2136
0.0030238
-0.16424
-0.25022
-0.25031
-0.19532
-0.12579
-0.071644
-0.058215
-0.10988
-0.22699
-0.36664
-0.46694
-0.49424
-0.45926
-0.39341
-0.32562
-0.27872
-0.26398
-0.26664
-0.25031
-0.18919
-0.091935
0.01021
0.088966
0.12747
0.11932
0.076494
0.032893
0.022288
0.048707
0.086199
0.10768
0.10588
0.087588
0.059794
0.02687
-0.0073788
-0.041279
-0.073758
-0.09693
-0.096976
-0.069364
-0.028509
0.0053068
0.026456
0.04606
0.076982
0.12231
0.17399
0.21433
0.22215
0.18832
0.12812
0.070857
0.032688
0.0014786
-0.050025
-0.13658
-0.24315
-0.33005
-0.35476
-0.296
-0.16633
-0.0083314
0.12419
0.19292
0.19572
0.16473
0.1413
0.14859
0.1818
0.2152
0.21486
0.15523
0.038922
-0.09633
-0.19863
-0.23785
-0.22254
-0.18468
-0.15526
-0.15526
-0.19628
-0.2734
-0.35754
-0.40764
-0.39681
-0.32302
-0.1979
-0.039336
0.12121
0.24028
0.2879
0.27209
0.23291
0.21377
0.23794
0.30059
0.37055
0.40297
0.36485
0.25897
0.12387
0.0073825
-0.063942
-0.095453
-0.10943
-0.12067
-0.12642
-0.11881
-0.10246
-0.094215
-0.10579
-0.13104
-0.15013
-0.14254
-0.10008
-0.039219
-0.0032326
-0.038064
-0.15102
-0.29341
-0.39138
-0.39598
-0.3057
-0.1542
0.011093
0.14586
0.22673
0.26249
0.28099
0.2993
0.31051
0.29996
0.26585
0.21972
0.17355
0.13194
0.092315
0.048127
-0.0044249
-0.058221
-0.096266
-0.10456
-0.083523
-0.048132
-0.021853
-0.028964
-0.081042
-0.1624
-0.23227
-0.24836
-0.19171
-0.07512
0.062216
0.16804
0.20075
0.15586
0.070777
-0.0012711
-0.024553
0.0056869
0.068772
0.12859
0.14627
0.098715
-0.0077477
-0.14322
-0.27416
-0.37803
-0.44393
-0.46733
-0.44828
-0.39307
-0.315
-0.23205
-0.16234
-0.11761
-0.096276
-0.082575
-0.058239
-0.021003
0.0085543
0.0024561
-0.049098
-0.12453
-0.18079
-0.18025
-0.11876
-0.034643
0.013771
-0.010281
-0.094384
-0.18471
-0.21881
-0.15818
-0.0053989
0.19739
0.38842
0.5169
0.56556
0.55094
0.50662
0.46501
0.44472
0.44209
0.43148
0.38161
0.28046
0.1465
0.014901
-0.085283
-0.14095
-0.15075
-0.12046
-0.061129
0.015736
0.10102
0.17967
0.22286
0.20258
0.12137
0.021605
-0.040604
-0.03209
0.038658
0.12442
0.15907
0.092917
-0.071689
-0.27514
-0.43545
-0.49478
-0.4428
-0.31095
-0.15361
-0.026855
0.033261
0.025442
-0.020501
-0.064168
-0.075061
-0.04194
0.023459
0.084617
0.092036
0.014965
-0.12905
-0.27744
-0.35921
-0.33537
-0.21863
-0.069104
0.030823
0.018713
-0.10723
-0.28168
-0.41216
-0.43522
-0.34462
-0.17999
0.00036739
0.14237
0.2152
0.22477
0.20618
0.19451
0.20122
0.217
0.22643
0.21179
0.15239
0.037186
-0.11785
-0.27238
-0.3852
-0.43395
-0.41719
-0.34799
-0.24856
-0.14288
-0.047438
0.031104
0.088307
0.11523
0.10236
0.049986
-0.026074
-0.098763
-0.14196
-0.1439
-0.11357
-0.074984
-0.053236
-0.061431
-0.094539
-0.1315
-0.14561
-0.12041
-0.062265
0.001248
0.038697
0.035839
0.0043297
-0.027089
-0.029302
0.014247
0.10071
0.20629
0.29518
0.34044
0.34116
0.31832
0.29529
0.28521
0.29215
0.3131
0.33538
0.34134
0.32408
0.29663
0.28096
0.28958
0.32075
0.36632
0.41619
0.45545
0.46577
0.43346
0.35338
0.22639
0.063789
-0.099239
-0.20453
-0.20362
-0.098563
0.051521
0.16602
0.18706
0.10333
-0.046012
-0.18358
-0.23047
-0.15767
-0.0092109
0.13003
0.19121
0.1525
0.035279
-0.11099
-0.22855
-0.28321
-0.28953
-0.29662
-0.34237
-0.42513
-0.51741
-0.59355
-0.63834
-0.64289
-0.60889
-0.55641
-0.51687
-0.51422
-0.55433
-0.62691
-0.70744
-0.75785
-0.73935
-0.63731
-0.47579
-0.30515
-0.17388
-0.10786
-0.10625
-0.14734
-0.19823
-0.22778
-0.21941
-0.17553
-0.11166
-0.04748
-0.00092199
0.016486
0.004243
-0.026272
-0.055535
-0.060507
-0.021658
0.064085
0.1745
0.27332
0.33534
0.35963
0.36152
0.36121
0.37962
0.43132
0.51162
0.59499
0.65204
0.66539
0.62938
0.54592
0.43101
0.31903
0.24621
0.22525
0.24097
0.26933
0.29264
0.29801
0.27744
0.24063
0.21881
0.24222
0.31312
0.40573
0.48778
0.53601
0.53872
0.49788
0.42982
0.35365
0.27633
0.19458
0.1105
0.035937
-0.020817
-0.065944
-0.11551
-0.18478
-0.28063
-0.39453
-0.49879
-0.55682
-0.54347
-0.45617
-0.30935
-0.12681
0.057885
0.20373
0.27752
0.27145
0.20568
0.11546
0.035203
-0.014387
-0.037392
-0.064471
-0.13336
-0.25679
-0.40794
-0.53903
-0.61295
-0.62099
-0.58261
-0.53597
-0.51976
-0.54965
-0.60636
-0.64864
-0.64181
-0.57985
-0.4877
-0.40384
-0.35626
-0.35036
-0.37523
-0.41406
-0.44769
-0.45973
-0.4494
-0.4351
-0.4348
-0.44344
-0.43441
-0.37852
-0.25561
-0.05972
0.1878
0.42986
0.59598
0.64354
0.57706
0.43404
0.26542
0.12546
0.055945
0.062829
0.11229
0.15884
0.1776
0.17061
0.15326
0.14366
0.15864
0.20526
0.27148
0.33245
0.3716
0.39329
0.41331
0.44172
0.47741
0.51257
0.53616
0.53793
0.51685
0.48243
0.43928
0.3724
0.2586
0.096897
-0.076495
-0.20416
-0.23721
-0.15906
0.0018032
0.17683
0.28874
0.29512
0.20937
0.083171
-0.028368
-0.090869
-0.098322
-0.070468
-0.04132
-0.040937
-0.080769
-0.1504
-0.22325
-0.26769
-0.26309
-0.21328
-0.14455
-0.088791
-0.067496
-0.085526
-0.12892
-0.16686
-0.16689
-0.11802
-0.038366
0.041026
0.096393
0.11742
0.10549
0.074558
0.048276
0.046161
0.069844
0.10507
0.13504
0.14747
0.13109
0.075988
-0.014462
-0.11484
-0.19073
-0.22625
-0.23685
-0.25292
-0.29305
-0.35351
-0.41492
-0.45079
-0.43503
-0.35752
-0.23982
-0.12836
-0.064913
-0.064425
-0.11893
-0.20893
-0.30252
-0.35619
-0.33666
-0.24695
-0.12444
-0.013192
0.057966
0.07879
0.056864
0.017759
-0.0069549
-0.0020746
0.023495
0.054099
0.085881
0.12261
0.15902
0.17762
0.1623
0.1096
0.026299
-0.078639
-0.19735
-0.3213
-0.43886
-0.53451
-0.5909
-0.59491
-0.54527
-0.45512
-0.34436
-0.22497
-0.091998
0.067587
0.25172
0.42747
0.54266
0.56022
0.48775
0.37778
0.29831
0.29327
0.35689
0.43776
0.47294
0.43194
0.33725
0.24345
0.19257
0.18441
0.18298
0.14777
0.064704
-0.039553
-0.10607
-0.075191
0.073474
0.30142
0.5297
0.68011
0.70782
0.61147
0.42769
0.21661
0.038421
-0.072081
-0.11652
-0.12122
-0.11458
-0.11246
-0.11768
-0.12485
-0.12357
-0.1023
-0.054821
0.016825
0.10581
0.20174
0.28428
0.32058
0.27938
0.15277
-0.036137
-0.24513
-0.42957
-0.55255
-0.59253
-0.55204
-0.45944
-0.35729
-0.28416
-0.26093
-0.28442
-0.32892
-0.3591
-0.35096
-0.306
-0.24773
-0.20694
-0.20726
-0.25428
-0.33019
-0.4
-0.4289
-0.3989
-0.31428
-0.19725
-0.079202
0.009669
0.049341
0.032731
-0.036856
-0.14702
-0.27419
-0.38423
-0.44064
-0.41691
-0.30746
-0.13353
0.060051
0.22087
0.31114
0.3213
0.26869
0.18867
0.12294
0.10189
0.12632
0.16724
0.1886
0.171
0.11552
0.036266
-0.039658
-0.070483
-0.017436
0.12322
0.3081
0.47256
0.56955
0.58716
0.54262
0.47051
0.40879
0.37763
0.36608
0.34715
0.30772
0.25516
0.19494
0.11717
0.015698
-0.087974
-0.15305
-0.15253
-0.095036
-0.020305
0.019303
-0.01742
-0.13309
-0.27755
-0.37127
-0.35881
-0.24704
-0.094146
0.036142
0.11281
0.14322
0.15314
0.16184
0.16943
0.16209
0.12933
0.078863
0.036159
0.027566
0.06075
0.11939
0.17546
0.20519
0.19569
0.14456
0.060986
-0.034089
-0.11629
-0.17094
-0.2002
-0.22128
-0.25981
-0.33735
-0.45395
-0.57957
-0.66937
-0.69488
-0.66486
-0.61867
-0.59749
-0.61246
-0.63089
-0.59416
-0.45925
-0.23316
0.026498
0.242
0.35317
0.34256
0.24055
0.10791
0.0017395
-0.054394
-0.075381
-0.095623
-0.14558
-0.23668
-0.35374
-0.45628
-0.49606
-0.44586
-0.31713
-0.15159
0.0022032
0.10762
0.14945
0.13934
0.11348
0.11508
0.16998
0.27613
0.41292
0.55425
0.6713
0.73154
0.70788
0.59586
0.42479
0.25359
0.15188
0.16973
0.30683
0.50263
0.66308
0.71241
0.63509
0.4808
0.33204
0.2567
0.27395
0.35292
0.44053
0.49326
0.49041
0.42913
0.31577
0.16067
-0.023431
-0.21704
-0.38726
-0.49346
-0.50982
-0.44355
-0.32933
-0.21008
-0.12522
-0.10541
-0.16126
-0.27227
-0.3942
-0.48303
-0.51388
-0.48428
-0.41048
-0.32274
-0.25481
-0.22695
-0.23508
-0.25503
-0.25698
-0.22104
-0.14944
-0.070335
-0.026322
-0.050324
-0.14454
-0.27672
-0.39437
-0.44813
-0.41514
-0.31285
-0.19351
-0.11715
-0.11695
-0.1808
-0.2624
-0.31314
-0.31219
-0.2768
-0.24781
-0.25797
-0.30373
-0.34507
-0.33746
-0.26737
-0.15738
-0.042017
0.05468
0.12143
0.15387
0.15435
0.13193
0.096426
0.055623
0.021638
0.012483
0.037954
0.085164
0.12467
0.13162
0.099711
0.041448
-0.016469
-0.042034
-0.016597
0.048658
0.12064
0.17387
0.21054
0.25203
0.31727
0.41049
0.51935
0.61633
0.66752
0.65239
0.57964
0.48256
0.39953
0.35762
0.36483
0.40731
0.45418
0.47253
0.44295
0.36361
0.24621
0.11301
-0.0051204
-0.076315
-0.079887
-0.016283
0.089831
0.19559
0.2565
0.24784
0.17706
0.077525
-0.011095
-0.061525
-0.068384
-0.048419
-0.032638
-0.050257
-0.10989
-0.19092
-0.25422
-0.26642
-0.22142
-0.14611
-0.086844
-0.082724
-0.14151
-0.2362
-0.32506
-0.37772
-0.38837
-0.37285
-0.35566
-0.35314
-0.36351
-0.37437
-0.38091
-0.39212
-0.41788
-0.45509
-0.48893
-0.50295
-0.48768
-0.44751
-0.40169
-0.36957
-0.34896
-0.3156
-0.25016
-0.16155
-0.080619
-0.035827
-0.035137
-0.060416
-0.07389
-0.041279
0.038049
0.12323
0.15917
0.11397
-0.0042137
-0.15402
-0.27923
-0.33344
-0.30434
-0.21889
-0.12029
-0.037383
0.025517
0.07749
0.12838
0.18342
0.23837
0.27621
0.27646
0.23447
0.16959
0.11195
0.082702
0.085371
0.10724
0.1257
0.12293
0.10455
0.10044
0.13826
0.2154
0.29987
0.35412
0.35424
0.29689
0.20361
0.11776
0.081608
0.1073
0.17167
0.23785
0.27694
0.27482
0.23384
0.1752
0.13107
0.12487
0.1585
0.21856
0.28821
0.34859
0.37662
0.35459
0.28592
0.19679
0.11955
0.07751
0.082929
0.13729
0.22346
0.30265
0.33215
0.29275
0.19877
0.083088
-0.023109
-0.099874
-0.14127
-0.15696
-0.16584
-0.17845
-0.18469
-0.16366
-0.10724
-0.031214
0.035207
0.06528
0.040633
-0.048289
-0.19775
-0.38659
-0.58124
-0.74439
-0.83709
-0.82078
-0.6754
-0.4271
-0.15353
0.050919
0.12661
0.077097
-0.040735
-0.15161
-0.20171
-0.18687
-0.15365
-0.16749
-0.26641
-0.433
-0.60352
-0.70472
-0.69379
-0.57902
-0.41111
-0.25263
-0.14668
-0.10302
-0.10368
-0.11932
-0.12691
-0.12
-0.10579
-0.093859
-0.089175
-0.094034
-0.11051
-0.13597
-0.15723
-0.15371
-0.10961
-0.023995
0.090633
0.21766
0.34193
0.44676
0.50992
0.50718
0.42306
0.2623
0.057147
-0.13518
-0.25149
-0.25349
-0.1489
0.017196
0.19372
0.34961
0.47632
0.57332
0.63331
0.63755
0.56622
0.42216
0.24944
0.12017
0.0901
0.16006
0.27731
0.37052
0.38935
0.32997
0.23777
0.17867
0.19112
0.26011
0.3385
0.38808
0.39647
0.36611
0.30285
0.21445
0.10844
-0.011005
-0.13745
-0.25236
-0.32754
-0.34108
-0.29155
-0.20009
-0.10259
-0.036199
-0.023742
-0.063533
-0.13216
-0.19771
-0.23346
-0.22489
-0.17117
-0.085533
0.0041492
0.059316
0.044664
-0.051818
-0.206
-0.36256
-0.45766
-0.45109
-0.35322
-0.22576
-0.14604
-0.15661
-0.2401
-0.33618
-0.37981
-0.33373
-0.20453
-0.039733
0.097243
0.16231
0.14921
0.079012
-0.021965
-0.13414
-0.24497
-0.34699
-0.43583
-0.50662
-0.55107
-0.55878
-0.52255
-0.44601
-0.34851
-0.25763
-0.18914
-0.13192
-0.054315
0.073538
0.25884
0.47401
0.65637
0.73066
0.65542
0.46122
0.24163
0.098246
0.083501
0.17835
0.30791
0.38055
0.33619
0.18193
-0.012536
-0.16259
-0.22331
-0.20929
-0.17318
-0.1673
-0.21196
-0.28269
-0.32453
-0.29064
-0.17798
-0.0288
0.10121
0.17572
0.18903
0.16045
0.12207
0.10041
0.098547
0.095879
0.068491
0.0079846
-0.077917
-0.17279
-0.2532
-0.29185
-0.27178
-0.19868
-0.094253
0.020365
0.12995
0.21878
0.27005
0.27556
0.24224
0.18788
0.13273
0.092282
0.071859
0.066661
0.071419
0.09036
0.13312
0.19967
0.27316
0.32953
0.3526
0.34197
0.31148
0.28051
0.26019
0.24458
0.2186
0.17608
0.12557
0.076985
0.030155
-0.017548
-0.058636
-0.080277
-0.081044
-0.07613
-0.085778
-0.12288
-0.18894
-0.27357
-0.35696
-0.42112
-0.46281
-0.49104
-0.50928
-0.5054
-0.46438
-0.38855
-0.30179
-0.23524
-0.21012
-0.22708
-0.26284
-0.27727
-0.23393
-0.12205
0.038196
0.20872
0.34797
0.4179
0.39123
0.26481
0.068667
-0.14101
-0.30187
-0.3668
-0.32024
-0.18584
-0.018585
0.12098
0.19682
0.2107
0.19154
0.17331
0.17663
0.20016
0.22329
0.22098
0.18237
0.11751
0.046684
-0.014779
-0.061875
-0.09536
-0.11487
-0.11487
-0.087293
-0.033042
0.025003
0.043779
-0.015803
-0.15635
-0.3294
-0.45505
-0.46671
-0.3516
-0.15873
0.02988
0.14437
0.16065
0.10646
0.039772
0.012477
0.041052
0.10309
0.15936
0.18051
0.15869
0.10399
0.037273
-0.017269
-0.043067
-0.040961
-0.027151
-0.020063
-0.029539
-0.055186
-0.087235
-0.10657
-0.092606
-0.041594
0.022173
0.06062
0.053064
0.014838
-0.014692
-0.0044233
0.042068
0.086465
0.082982
0.013003
-0.099028
-0.19897
-0.23429
-0.18387
-0.070453
0.052623
0.13471
0.15666
0.13165
0.083588
0.030416
-0.014659
-0.038409
-0.032666
-0.00094123
0.044656
0.08973
0.1184
0.11728
0.090127
0.064953
0.072639
0.11509
0.16272
0.18578
0.18189
0.17439
0.19479
0.26781
0.39569
0.54208
0.63709
0.61502
0.45884
0.21361
-0.038301
-0.21827
-0.28738
-0.26483
-0.21583
-0.20801
-0.26459
-0.35291
-0.41458
-0.40676
-0.32526
-0.20352
-0.094131
-0.040801
-0.055504
-0.11701
-0.19086
-0.25118
-0.28703
-0.29646
-0.28171
-0.24964
-0.2104
-0.17388
-0.15163
-0.1633
-0.23176
-0.36073
-0.51629
-0.63689
-0.66585
-0.57744
-0.38266
-0.12523
0.12598
0.29894
0.35352
0.30198
0.1929
0.076855
-0.013343
-0.0638
-0.079764
-0.083478
-0.093829
-0.099791
-0.06406
0.03887
0.19352
0.35534
0.48231
0.55006
0.55032
0.49253
0.40585
0.32594
0.27593
0.26451
0.29478
0.35776
0.41641
0.4158
0.32245
0.14879
-0.062043
-0.2611
-0.40004
-0.43806
-0.3687
-0.23619
-0.10719
-0.024843
0.0021277
-0.022142
-0.089037
-0.1733
-0.23817
-0.26478
-0.2628
-0.2445
-0.20502
-0.14134
-0.076332
-0.044717
-0.059014
-0.10227
-0.14836
-0.17493
-0.16306
-0.10762
-0.035036
0.0071239
-0.0059516
-0.045014
-0.046726
0.035378
0.19775
0.39034
0.54067
0.58321
0.48904
0.2835
0.034618
-0.18228
-0.31493
-0.34202
-0.27082
-0.1387
-0.0078967
0.061645
0.047814
-0.02218
-0.09475
-0.12485
-0.098754
-0.038584
0.011451
0.015986
-0.02232
-0.065316
-0.075222
-0.046343
-0.0014102
0.034875
0.052766
0.055399
0.050722
0.045261
0.03838
0.0219
-0.0080116
-0.037295
-0.040639
-0.0083961
0.036045
0.051279
0.010345
-0.081183
-0.19043
-0.27147
-0.28065
-0.19644
-0.036554
0.14738
0.29823
0.37835
0.37179
0.27746
0.11369
-0.074174
-0.22614
-0.29664
-0.27267
-0.16921
-0.017663
0.14031
0.26228
0.32336
0.32764
0.29731
0.25143
0.19799
0.14124
0.08544
0.027858
-0.042328
-0.13005
-0.22329
-0.30277
-0.3586
-0.38949
-0.39
-0.35154
-0.27837
-0.19336
-0.1228
-0.079494
-0.061281
-0.058835
-0.060985
-0.059319
-0.055675
-0.063457
-0.093871
-0.13859
-0.17115
-0.16961
-0.13701
-0.098596
-0.081282
-0.095595
-0.13035
-0.15838
-0.15093
-0.097735
-0.019834
0.039926
0.046779
-8.9553e-05
-0.069056
-0.12221
-0.14066
-0.12916
-0.10377
-0.078239
-0.056808
-0.032914
0.0041926
0.055875
0.10669
0.13533
0.13435
0.11667
0.10386
0.11205
0.14664
0.20142
0.25941
0.30088
0.31632
0.31024
0.29003
0.25448
0.19605
0.11314
0.019473
-0.056032
-0.080298
-0.036562
0.058229
0.15709
0.20838
0.18196
0.079678
-0.066275
-0.20213
-0.27416
-0.25888
-0.1767
-0.072649
0.015136
0.06849
0.083807
0.06912
0.046219
0.042293
0.072462
0.13336
0.21147
0.28759
0.3331
0.31853
0.23977
0.13156
0.045291
0.013461
0.037935
0.10225
0.18201
0.24742
0.27307
0.25259
0.19836
0.12591
0.046502
-0.024923
-0.067826
-0.071485
-0.048707
-0.028356
-0.035634
-0.080391
-0.15656
-0.24379
-0.31149
-0.33202
-0.29826
-0.22956
-0.16065
-0.12517
-0.14543
-0.22648
-0.35098
-0.48097
-0.57295
-0.5979
-0.55106
-0.44847
-0.31949
-0.2016
-0.1329
-0.13794
-0.21279
-0.32193
-0.41291
-0.44008
-0.38278
-0.25134
-0.083072
0.070258
0.16244
0.17081
0.10029
-0.024941
-0.16852
-0.28403
-0.32424
-0.26274
-0.11352
0.069962
0.21679
0.26943
0.20988
0.06991
-0.083882
-0.18548
-0.20249
-0.14402
-0.043296
0.065606
0.15979
0.22682
0.25976
0.25579
0.21992
0.1689
0.12829
0.12111
0.15403
0.21064
0.25781
0.26371
0.21677
0.13328
0.050352
0.011096
0.048435
0.17035
0.35297
0.54913
0.70916
0.79965
0.81248
0.76573
0.69558
0.63504
0.59043
0.5388
0.45249
0.32681
0.18631
0.070656
0.014714
0.029973
0.093004
0.15372
0.16551
0.11375
0.0177
-0.089125
-0.17671
-0.22585
-0.23418
-0.2218
-0.22495
-0.27574
-0.38274
-0.52477
-0.65757
-0.72992
-0.70798
-0.59759
-0.44663
-0.32071
-0.26872
-0.30111
-0.39065
-0.48978
-0.55339
-0.55667
-0.50046
-0.40333
-0.28904
-0.1784
-0.086784
-0.022639
0.014885
0.034964
0.048362
0.059286
0.062215
0.044828
-0.0059743
-0.096254
-0.21595
-0.3346
-0.41091
-0.41464
-0.34368
-0.22176
-0.081653
0.04822
0.14709
0.20248
0.21281
0.18668
0.13595
0.070768
0.0025141
-0.052872
-0.081389
-0.082558
-0.070318
-0.059536
-0.054085
-0.049351
-0.040132
-0.02029
0.018977
0.078469
0.13902
0.17305
0.17394
0.16629
0.18208
0.23269
0.3065
0.38239
0.43638
0.44401
0.39229
0.29258
0.17571
0.073866
0.01059
0.002067
0.052226
0.13978
0.21973
0.25053
0.22353
0.16594
0.11856
0.11112
0.14895
0.21022
0.25555
0.2511
0.19149
0.1018
0.018392
-0.030555
-0.031429
0.014776
0.090987
0.16735
0.21455
0.21726
0.17652
0.10496
0.023622
-0.04252
-0.076715
-0.081801
-0.076824
-0.081572
-0.10524
-0.14563
-0.19148
-0.22429
-0.22556
-0.18927
-0.12811
-0.066038
-0.024724
-0.015641
-0.040105
-0.091512
-0.15685
-0.22029
-0.27131
-0.31325
-0.36394
-0.44315
-0.55356
-0.67111
-0.75417
-0.76427
-0.68439
-0.52898
-0.34438
-0.19326
-0.12222
-0.13274
-0.18273
-0.21804
-0.2046
-0.13899
-0.042778
0.047597
0.096039
0.087677
0.040595
-0.0056611
-0.0153
0.027179
0.11589
0.22724
0.32421
0.36926
0.34558
0.26848
0.17525
0.10432
0.081798
0.11746
0.20247
0.3101
0.40586
0.46257
0.46784
0.42091
0.3291
0.21044
0.095207
0.017506
-0.00061342
0.038871
0.10956
0.17114
0.1862
0.13802
0.040752
-0.066265
-0.13967
-0.15508
-0.11624
-0.046741
0.025397
0.079212
0.10604
0.1105
0.10638
0.10712
0.11721
0.13163
0.1402
0.12941
0.084036
-0.0019994
-0.1104
-0.19838
-0.22136
-0.15983
-0.029321
0.12764
0.25777
0.31859
0.30026
0.23009
0.15044
0.090267
0.056734
0.044765
0.043505
0.035976
0.00441
-0.059113
-0.15003
-0.25664
-0.3612
-0.43811
-0.46302
-0.4307
-0.36103
-0.28517
-0.22763
-0.19935
-0.19886
-0.21459
-0.23108
-0.23995
-0.24584
-0.25904
-0.28306
-0.31014
-0.3257
-0.31507
-0.27068
-0.19919
-0.12129
-0.059183
-0.021579
-0.0016506
0.011801
0.023741
0.031775
0.030664
0.016523
-0.0097803
-0.040425
-0.063995
-0.075406
-0.083965
-0.10908
-0.16413
-0.24188
-0.31469
-0.34954
-0.32575
-0.24427
-0.12652
-0.005492
0.089238
0.14772
0.18546
0.23023
0.29772
0.37586
0.43002
0.42341
0.33875
0.19181
0.032053
-0.073965
-0.074295
0.039353
0.22679
0.4217
0.56219
0.61151
0.56736
0.46303
0.35478
0.29375
0.29886
0.35185
0.41533
0.45389
0.44361
0.37398
0.25054
0.096895
-0.049943
-0.15062
-0.17681
-0.12493
-0.02554
0.063604
0.086847
0.026835
-0.080656
-0.16665
-0.1698
-0.071828
0.091545
0.24782
0.32346
0.27858
0.12139
-0.10255
-0.33389
-0.51911
-0.62019
-0.62004
-0.52725
-0.37608
-0.21655
-0.09609
-0.040764
-0.044234
-0.071253
-0.076755
-0.032424
0.054674
0.14396
0.18368
0.14017
0.015975
-0.15381
-0.32209
-0.45197
-0.52763
-0.55185
-0.53633
-0.49255
-0.4285
-0.35174
-0.27292
-0.20284
-0.145
-0.093675
-0.042584
0.0038718
0.029008
0.013895
-0.049942
-0.15441
-0.27696
-0.38764
-0.45851
-0.47313
-0.43174
-0.3486
-0.24528
-0.1463
-0.075783
-0.04823
-0.05616
-0.069487
-0.053177
0.01047
0.11304
0.2271
0.31989
0.36709
0.36382
0.32609
0.27828
0.23649
0.2033
0.17634
0.15726
0.15035
0.1554
0.16481
0.16777
0.15741
0.13708
0.12239
0.13426
0.18256
0.25179
0.30451
0.30501
0.24578
0.15477
0.077524
0.048328
0.070456
0.11683
0.14866
0.13993
0.093345
0.038405
0.012474
0.036106
0.098878
0.16549
0.19757
0.17608
0.11096
0.034858
-0.013068
-0.0039257
0.071364
0.20237
0.36555
0.53013
0.66136
0.72534
0.69981
0.58713
0.41813
0.24066
0.098331
0.012306
-0.024115
-0.03657
-0.052964
-0.089188
-0.1445
-0.20587
-0.25567
-0.27874
-0.26932
-0.23635
-0.20261
-0.19449
-0.22698
-0.29351
-0.36821
-0.41987
-0.43015
-0.40515
-0.37247
-0.3646
-0.39874
-0.46698
-0.54205
-0.5931
-0.60072
-0.56367
-0.4955
-0.41412
-0.33199
-0.25483
-0.18893
-0.14797
-0.15017
-0.20532
-0.30017
-0.39475
-0.43735
-0.39331
-0.26904
-0.11317
0.0070536
0.039728
-0.026098
-0.15608
-0.29028
-0.37572
-0.39055
-0.34497
-0.26374
-0.16762
-0.065692
0.040537
0.14661
0.23699
0.28848
0.28584
0.23679
0.1712
0.12366
0.11343
0.13665
0.17448
0.20935
0.23826
0.2743
0.33536
0.42699
0.53175
0.61369
0.63627
0.58134
0.45722
0.29417
0.13364
0.015901
-0.03261
-0.0076965
0.074637
0.18853
0.30687
0.40416
0.45974
0.46467
0.42558
0.36073
0.29313
0.2455
0.23357
0.25737
0.29928
0.33355
0.33763
0.29547
0.1983
0.051755
-0.11682
-0.26442
-0.35102
-0.35619
-0.28534
-0.16854
-0.052548
0.01864
0.027104
-0.012326
-0.069138
-0.11865
-0.14841
-0.15427
-0.13988
-0.11734
-0.1004
-0.095637
-0.1023
-0.11559
-0.12323
-0.10307
-0.036108
0.07229
0.18721
0.2625
0.26497
0.18776
0.051656
-0.10241
-0.23078
-0.30791
-0.33387
-0.32252
-0.28723
-0.2417
-0.20859
-0.21665
-0.2842
-0.40517
-0.54819
-0.66615
-0.71388
-0.67204
-0.56259
-0.43811
-0.34924
-0.31718
-0.32969
-0.35444
-0.3561
-0.31265
-0.22719
-0.12611
-0.041741
0.0061043
0.014916
-0.0070118
-0.046085
-0.084713
-0.10514
-0.097277
-0.063236
-0.014701
0.031543
0.056792
0.047055
0.0042538
-0.049036
-0.080988
-0.070068
-0.015214
0.068474
0.15868
0.23245
0.27344
0.27996
0.26562
0.24997
0.24906
0.27324
0.32537
0.39327
0.44652
0.44994
0.38671
0.27127
0.14388
0.054327
0.042926
0.12226
0.26713
0.42345
0.53488
0.56967
0.53063
0.44645
0.35386
0.27947
0.22822
0.18466
0.12809
0.050423
-0.037009
-0.11069
-0.14739
-0.13432
-0.075202
0.009871
0.09331
0.15307
0.17932
0.17144
0.1332
0.071721
-0.0028273
-0.079765
-0.14891
-0.19927
-0.22172
-0.21649
-0.19526
-0.17199
-0.15298
-0.13801
-0.12764
-0.12477
-0.13083
-0.14512
-0.16711
-0.19454
-0.21985
-0.23413
-0.23684
-0.23743
-0.2447
-0.25755
-0.26816
-0.27034
-0.26142
-0.23929
-0.20301
-0.15556
-0.10145
-0.041331
0.027308
0.10305
0.17721
0.23818
0.27561
0.27916
0.23907
0.15484
0.042911
-0.070026
-0.16358
-0.2317
-0.27667
-0.30217
-0.31367
-0.31859
-0.32165
-0.32449
-0.33303
-0.35938
-0.40978
-0.47266
-0.52252
-0.5341
-0.49231
-0.39678
-0.2663
-0.13684
-0.04568
-0.011525
-0.02838
-0.074577
-0.12389
-0.15233
-0.14437
-0.098378
-0.024877
0.062368
0.15427
0.24811
0.34519
0.44703
0.55051
0.64427
0.71104
0.73546
0.71129
0.6433
0.54567
0.4392
0.34651
0.2848
0.2602
0.26712
0.29069
0.30982
0.30321
0.25917
0.18358
0.09878
0.034558
0.016417
0.054508
0.13615
0.22806
0.29065
0.29626
0.23927
0.13405
0.0053544
-0.12259
-0.23392
-0.32247
-0.38694
-0.42509
-0.43298
-0.40914
-0.3583
-0.29104
-0.22112
-0.16341
-0.13138
-0.13184
-0.15889
-0.19353
-0.21167
-0.19648
-0.14802
-0.084809
-0.035201
-0.021576
-0.047081
-0.094684
-0.13877
-0.16003
-0.15425
-0.13188
-0.10988
-0.10031
-0.10201
-0.10027
-0.074983
-0.013074
0.080747
0.18142
0.25255
0.26332
0.20334
0.087553
-0.050553
-0.17286
-0.25099
-0.27417
-0.24771
-0.18586
-0.10578
-0.025058
0.039433
0.073944
0.071279
0.033681
-0.02634
-0.089271
-0.13692
-0.16213
-0.1722
-0.18164
-0.19964
-0.22376
-0.24494
-0.25687
-0.25935
-0.25423
-0.24079
-0.21526
-0.17362
-0.11575
-0.04979
0.0080896
0.042792
0.052238
0.048763
0.046371
0.046851
0.038956
0.010289
-0.039557
-0.094062
-0.12587
-0.11151
-0.046121
0.053295
0.1599
0.25358
0.32849
0.38903
0.4421
0.49169
0.53671
0.57205
0.59286
0.59793
0.58792
0.56141
0.51628
0.45544
0.38844
0.32664
0.27894
0.25137
0.24487
0.2496
0.24493
0.21053
0.13974
0.042835
-0.060029
-0.14845
-0.2099
-0.24569
-0.27114
-0.30609
-0.36145
-0.43193
-0.49945
-0.54184
-0.54145
-0.49265
-0.40747
-0.31459
-0.24889
-0.23594
-0.28001
-0.3613
-0.44288
-0.48517
-0.46265
-0.37516
-0.24692
-0.11452
-0.011216
0.044512
0.053367
0.032912
0.0096233
0.0076983
0.039134
0.09908
0.16714
0.2132
0.20699
0.13065
-0.0096515
-0.18003
-0.32848
-0.40564
-0.38707
-0.2851
-0.14374
-0.019329
0.044305
0.034809
-0.024405
-0.087452
-0.11005
-0.071307
0.017428
0.11899
0.188
0.19259
0.13079
0.032859
-0.052946
-0.083406
-0.039644
0.066032
0.1967
0.30591
0.35424
0.32236
0.21805
0.075545
-0.055905
-0.13218
-0.13313
-0.069075
0.025665
0.10599
0.13189
0.085341
-0.019116
-0.13876
-0.22156
-0.22824
-0.14729
0.0012128
0.17358
0.32041
0.40719
0.42669
0.39657
0.34562
0.29865
0.26793
0.25193
0.23801
0.20908
0.15459
0.080752
0.010093
-0.031303
-0.028593
0.0157
0.084224
0.15062
0.18749
0.17683
0.11777
0.025847
-0.073659
-0.15228
-0.18504
-0.16034
-0.089085
-0.0036746
0.055029
0.055322
-0.01223
-0.13084
-0.26386
-0.3693
-0.41643
-0.39694
-0.32554
-0.22952
-0.13369
-0.051259
0.013659
0.057268
0.071265
0.045369
-0.025421
-0.13217
-0.24748
-0.33336
-0.36171
-0.33175
-0.26865
-0.20562
-0.16646
-0.15932
-0.17967
-0.21703
-0.26099
-0.30206
-0.32653
-0.31439
-0.24842
-0.12948
0.017014
0.1502
0.23147
0.24055
0.18368
0.090279
-0.0016577
-0.062483
-0.079639
-0.056826
-0.01002
0.037893
0.067377
0.074511
0.074455
0.090739
0.13777
0.20839
0.27312
0.29234
0.23781
0.11281
-0.043561
-0.17341
-0.22863
-0.19359
-0.091018
0.028845
0.10995
0.11482
0.042052
-0.072093
-0.17047
-0.20268
-0.14935
-0.030227
0.10739
0.21226
0.25161
0.22238
0.14907
0.071286
0.026972
0.037854
0.10241
0.19858
0.29497
0.36514
0.39695
0.39159
0.35679
0.30287
0.24389
0.19755
0.17906
0.1925
0.22609
0.2549
0.25112
0.19841
0.10266
-0.0087311
-0.099797
-0.1429
-0.13048
-0.077645
-0.015974
0.019169
0.0038769
-0.062556
-0.15539
-0.23471
-0.26522
-0.23546
-0.16396
-0.088511
-0.046441
-0.057814
-0.11675
-0.19266
-0.24379
-0.24049
-0.18405
-0.10605
-0.049221
-0.0461
-0.10753
-0.22033
-0.35092
-0.45742
-0.50891
-0.49976
-0.44783
-0.38076
-0.32258
-0.28598
-0.2689
-0.25716
-0.23528
-0.19866
-0.1556
-0.11855
-0.094843
-0.084495
-0.082337
-0.08007
-0.069044
-0.045116
-0.011421
0.025498
0.062747
0.10311
0.14987
0.20081
0.24704
0.27633
0.27821
0.25074
0.20552
0.1639
0.14325
0.14445
0.1528
0.14995
0.12533
0.08156
0.035348
0.012114
0.031978
0.095412
0.18233
0.26468
0.31824
0.3263
0.2826
0.1976
0.098112
0.013216
-0.042077
-0.070298
-0.083265
-0.09355
-0.1085
-0.12374
-0.12213
-0.086853
-0.019959
0.054422
0.10666
0.11939
0.091901
0.036603
-0.024139
-0.06456
-0.068253
-0.036687
0.015755
0.072777
0.1206
0.14678
0.14252
0.10895
0.058945
0.0118
-0.014163
-0.0076286
0.030641
0.085647
0.13341
0.15277
0.13583
0.090194
0.03361
-0.013878
-0.036487
-0.026653
0.013605
0.073386
0.13467
0.17483
0.17173
0.11279
0.0046947
-0.12492
-0.23924
-0.31146
-0.33823
-0.33876
-0.34147
-0.36603
-0.40941
-0.44443
-0.43488
-0.3598
-0.2298
-0.083825
0.029277
0.071161
0.028358
-0.082231
-0.22021
-0.34099
-0.41647
-0.44199
-0.42787
-0.38771
-0.33302
-0.27191
-0.20783
-0.14064
-0.072384
-0.011242
0.032663
0.055766
0.064571
0.072323
0.093862
0.14037
0.21198
0.29163
0.34906
0.35668
0.30594
0.21187
0.1046
0.016578
-0.027823
-0.019613
0.031742
0.1033
0.17126
0.22221
0.25421
0.27074
0.27737
0.28336
0.30033
0.3343
0.37863
0.41563
0.42399
0.38597
0.2944
0.16092
0.017466
-0.097389
-0.16022
-0.17396
-0.16042
-0.1446
-0.14276
-0.1566
-0.17235
-0.16783
-0.12679
-0.049694
0.048215
0.14625
0.22367
0.25934
0.23383
0.13777
-0.018772
-0.20314
-0.36628
-0.45894
-0.45432
-0.36449
-0.23613
-0.12535
-0.069522
-0.073375
-0.1119
-0.14488
-0.13857
-0.085528
-0.0078811
0.060114
0.09431
0.089778
0.056625
0.012573
-0.024495
-0.04496
-0.051203
-0.050818
-0.046215
-0.033327
-0.010049
0.017278
0.036456
0.036502
0.013172
-0.027483
-0.068078
-0.08563
-0.064365
-0.0066528
0.067423
0.13091
0.1619
0.14977
0.095927
0.011643
-0.086193
-0.18084
-0.25995
-0.3158
-0.34351
-0.34153
-0.31419
-0.27223
-0.22934
-0.19793
-0.18602
-0.19402
-0.21211
-0.22306
-0.21169
-0.17312
-0.11379
-0.047404
0.0096524
0.043762
0.050644
0.037991
0.020417
0.010964
0.015803
0.033261
0.055203
0.071103
0.074926
0.070278
0.068361
0.079816
0.10783
0.14809
0.19402
0.24142
0.28927
0.33691
0.38004
0.40935
0.41508
0.39513
0.35846
0.3194
0.28878
0.26883
0.25211
0.22316
0.16646
0.079242
-0.0222
-0.11004
-0.15755
-0.14698
-0.076518
0.031405
0.1335
0.18854
0.18115
0.12391
0.042431
-0.037384
-0.096764
-0.13212
-0.15571
-0.1805
-0.20446
-0.21477
-0.20496
-0.18184
-0.15771
-0.14139
-0.13494
-0.1328
-0.12575
-0.11064
-0.095757
-0.092296
-0.10243
-0.11948
-0.13696
-0.15174
-0.16088
-0.16231
-0.1581
-0.14973
-0.13079
-0.094386
-0.050098
-0.022653
-0.027485
-0.055738
-0.088482
-0.11431
-0.12506
-0.10947
-0.069304
-0.033538
-0.036029
-0.079761
-0.13789
-0.18551
-0.21052
-0.19621
-0.122
0.0053994
0.14028
0.23257
0.26355
0.23878
0.16455
0.050914
-0.073565
-0.17519
-0.2447
-0.29681
-0.33919
-0.35791
-0.33784
-0.28263
-0.20613
-0.11619
-0.018238
0.072567
0.13676
0.16761
0.17251
0.15671
0.11615
0.051655
-0.017244
-0.06076
-0.060142
-0.017711
0.0493
0.11773
0.16383
0.17067
0.13784
0.083426
0.034601
0.016813
0.048762
0.13756
0.26907
0.40332
0.48853
0.48893
0.40511
0.27158
0.13708
0.04267
0.0065968
0.019145
0.051504
0.076528
0.085931
0.088833
0.096785
0.11319
0.13347
0.14833
0.14709
0.12525
0.091072
0.059487
0.037149
0.017786
-0.007129
-0.03977
-0.080029
-0.12976
-0.18684
-0.24091
-0.28194
-0.30858
-0.32083
-0.30941
-0.26235
-0.18159
-0.085348
0.0048333
0.070769
0.094023
0.061365
-0.016829
-0.10083
-0.14436
-0.12459
-0.050449
0.048455
0.13291
0.16399
0.12263
0.027808
-0.073582
-0.1428
-0.17274
-0.17498
-0.15534
-0.11261
-0.055322
-0.0056949
0.015051
-0.002051
-0.05525
-0.13239
-0.20613
-0.24233
-0.22666
-0.18097
-0.14469
-0.14034
-0.16246
-0.19578
-0.23203
-0.26717
-0.29519
-0.31259
-0.32032
-0.31254
-0.27139
-0.18555
-0.071152
0.036726
0.11237
0.15106
0.15763
0.13784
0.10233
0.066092
0.037917
0.017959
0.0093097
0.023838
0.070195
0.14
0.21036
0.2575
0.26616
0.2332
0.17045
0.10252
0.052989
0.028384
0.017899
0.0085497
-0.0040228
-0.018866
-0.03468
-0.046781
-0.046221
-0.028791
-0.0006413
0.030422
0.063351
0.096079
0.11517
0.10436
0.062786
0.0061743
-0.048554
-0.090948
-0.11042
-0.094922
-0.042401
0.033978
0.11796
0.2021
0.28218
0.34598
0.37624
0.36379
0.31293
0.23631
0.15102
0.078498
0.039476
0.04248
0.077031
0.12021
0.15122
0.16112
0.15158
0.12778
0.094947
0.060402
0.033695
0.019678
0.011424
-0.0066896
-0.047524
-0.11347
-0.19771
-0.28789
-0.36752
-0.41855
-0.42722
-0.38827
-0.30536
-0.1922
-0.074405
0.016868
0.061199
0.061315
0.038448
0.015846
0.005546
0.0054344
0.0045425
-0.0069027
-0.028532
-0.050634
-0.065059
-0.073292
-0.081134
-0.08705
-0.079528
-0.046287
0.015565
0.095983
0.17221
0.21173
0.1846
0.084308
-0.061511
-0.20651
-0.31493
-0.37685
-0.40127
-0.40308
-0.39587
-0.38585
-0.36621
-0.3227
-0.25105
-0.16802
-0.10298
-0.080734
-0.11241
-0.19461
-0.30719
-0.41264
-0.47017
-0.46185
-0.40572
-0.33878
-0.28805
-0.25984
-0.24904
-0.24664
-0.23811
-0.20516
-0.13506
-0.025862
0.11535
0.27101
0.40956
0.49587
0.51661
0.49505
0.47352
0.47771
0.49817
0.50429
0.47175
0.39732
0.29699
0.19869
0.13301
0.11795
0.14688
0.1967
0.25162
0.31298
0.38283
0.44668
0.48149
0.47599
0.43603
0.3761
0.31535
0.27602
0.27009
0.28484
0.29153
0.27154
0.22849
0.17621
0.12495
0.080443
0.046767
0.024645
0.012161
0.0096433
0.017814
0.027258
0.01523
-0.040334
-0.14296
-0.27421
-0.40437
-0.50454
-0.55461
-0.54939
-0.50074
-0.43128
-0.36308
-0.3109
-0.2824
-0.27962
-0.2984
-0.32817
-0.35434
-0.36245
-0.34294
-0.2965
-0.23737
-0.18899
-0.17069
-0.18311
-0.20493
-0.20586
-0.16747
-0.096059
-0.0188
0.031962
0.034991
-0.0092226
-0.075538
-0.12268
-0.11426
-0.041214
0.071353
0.17771
0.23465
0.22162
0.15005
0.05591
-0.02337
-0.070288
-0.088312
-0.086587
-0.06968
-0.040678
-0.0058888
0.026183
0.044719
0.034234
-0.018662
-0.10915
-0.20855
-0.28027
-0.30033
-0.26396
-0.18349
-0.088761
-0.020822
-0.0080536
-0.043492
-0.09254
-0.12426
-0.12888
-0.10769
-0.061667
0.0021041
0.063335
0.10031
0.10677
0.091418
0.066489
0.045462
0.045973
0.079354
0.13416
0.18332
0.21567
0.25035
0.30866
0.3794
0.42671
0.42898
0.39498
0.34366
0.28778
0.24048
0.21595
0.21134
0.20479
0.1854
0.17261
0.19055
0.23221
0.26344
0.25583
0.20245
0.10917
-0.0092064
-0.12321
-0.19884
-0.2262
-0.22895
-0.2339
-0.23764
-0.21727
-0.17043
-0.12511
-0.10402
-0.096111
-0.074498
-0.030947
0.019204
0.056999
0.072744
0.066176
0.046704
0.031397
0.033293
0.050469
0.069902
0.081864
0.08889
0.098355
0.10293
0.073731
-0.011018
-0.12544
-0.20324
-0.20192
-0.14792
-0.10222
-0.095333
-0.11873
-0.16366
-0.22857
-0.28827
-0.30044
-0.26117
-0.22015
-0.21755
-0.23538
-0.23754
-0.22909
-0.23942
-0.26853
-0.29455
-0.32445
-0.38774
-0.47249
-0.51351
-0.46711
-0.36536
-0.27024
-0.20041
-0.13415
-0.062661
-0.00095048
0.044353
0.078317
0.08961
0.05684
-0.0086602
-0.056612
-0.046712
0.015699
0.097969
0.17325
0.22903
0.2615
0.27197
0.26271
0.23615
0.2025
0.17924
0.17355
0.17339
0.16545
0.15325
0.14923
0.15864
0.17996
0.21267
0.25511
0.29925
0.33469
0.35688
0.36751
0.36593
0.34259
0.2876
0.20919
0.1342
0.07928
0.02991
-0.036429
-0.11381
-0.17559
-0.21399
-0.24516
-0.27232
-0.27377
-0.24183
-0.20808
-0.20487
-0.21574
-0.19328
-0.12421
-0.049445
-0.013602
-0.022433
-0.063969
-0.13973
-0.24065
-0.31223
-0.29147
-0.18148
-0.050533
0.050333
0.13018
0.20664
0.25765
0.25882
0.23584
0.23266
0.24158
0.21466
0.14755
0.10358
0.13239
0.20123
0.2385
0.21989
0.17388
0.12024
0.051866
-0.020753
-0.055319
-0.030154
0.021444
0.055948
0.074852
0.10312
0.12768
0.097778
-0.008473
-0.14998
-0.26626
-0.32776
-0.32823
-0.2603
-0.13487
-0.010415
0.038245
-0.010881
-0.10928
-0.19059
-0.22168
-0.20501
-0.16188
-0.12774
-0.14326
-0.22651
-0.35342
-0.47475
-0.55185
-0.5734
-0.54587
-0.48118
-0.39523
-0.30706
-0.23378
-0.19127
-0.19748
-0.25729
-0.33675
-0.37205
-0.32147
-0.19927
-0.049045
0.097609
0.22134
0.29966
0.32117
0.30108
0.25597
0.17847
0.068429
-0.025416
-0.036707
0.04577
0.17172
0.29522
0.40635
0.49044
0.50453
0.42703
0.30168
0.19846
0.15084
0.16024
0.23242
0.35717
0.46392
0.4588
0.32259
0.13232
-0.025422
-0.121
-0.15161
-0.10213
0.022336
0.16193
0.2499
0.27952
0.28373
0.26525
0.19671
0.088053
0.0028206
-0.011392
0.024632
0.056942
0.056847
0.022618
-0.047221
-0.14275
-0.21475
-0.20063
-0.092405
0.043912
0.12866
0.13137
0.068636
-0.030097
-0.12979
-0.18443
-0.16431
-0.094572
-0.040086
-0.039966
-0.073048
-0.096533
-0.099572
-0.10349
-0.12678
-0.17253
-0.23704
-0.3007
-0.31655
-0.24459
-0.10678
0.019654
0.073815
0.054844
-0.0057203
-0.080203
-0.14416
-0.17765
-0.18972
-0.21458
-0.26322
-0.30231
-0.30133
-0.27704
-0.26803
-0.28362
-0.30252
-0.30691
-0.29039
-0.24293
-0.16142
-0.07785
-0.046363
-0.08835
-0.16915
-0.23786
-0.26844
-0.25165
-0.17888
-0.065412
0.029443
0.046734
-0.0047793
-0.053658
-0.042637
0.02295
0.1052
0.18047
0.24111
0.27798
0.28911
0.29405
0.31429
0.3428
0.35388
0.34119
0.3242
0.31259
0.2852
0.21792
0.12335
0.051631
0.053681
0.14616
0.30244
0.4636
0.55649
0.51869
0.33335
0.05698
-0.19378
-0.30484
-0.23163
-0.015311
0.25129
0.46378
0.53423
0.42459
0.17744
-0.09956
-0.29969
-0.37202
-0.32101
-0.18148
-0.0094204
0.1267
0.17709
0.13545
0.026653
-0.1158
-0.24767
-0.31261
-0.27666
-0.16649
-0.055254
-0.0092587
-0.055661
-0.18298
-0.34124
-0.44581
-0.42206
-0.26987
-0.070506
0.080382
0.13378
0.08669
-0.037903
-0.18558
-0.27704
-0.26256
-0.16647
-0.056
0.021521
0.049773
0.017398
-0.074196
-0.18144
-0.23929
-0.22194
-0.15728
-0.079724
-0.00046937
0.068286
0.096134
0.065662
0.0007329
-0.059177
-0.10049
-0.13283
-0.15858
-0.16979
-0.16837
-0.1627
-0.14409
-0.093991
-0.024097
0.013465
-0.026343
-0.13269
-0.24634
-0.30453
-0.27161
-0.14647
0.033243
0.19538
0.26726
0.22448
0.10763
-0.011436
-0.077108
-0.067995
0.012692
0.14331
0.28056
0.37076
0.38033
0.31464
0.20623
0.09494
0.021325
0.01821
0.086582
0.18322
0.24895
0.25299
0.20421
0.12653
0.039185
-0.03744
-0.074939
-0.05131
0.028857
0.13495
0.22886
0.27935
0.26754
0.19498
0.09073
-8.2954e-05
-0.043328
-0.031816
0.022007
0.099024
0.17642
0.22825
0.23366
0.18646
0.096628
-0.013635
-0.11548
-0.18429
-0.21357
-0.21763
-0.21783
-0.22851
-0.25587
-0.29911
-0.34279
-0.35716
-0.32204
-0.25078
-0.17978
-0.13649
-0.12866
-0.15769
-0.21926
-0.28683
-0.31827
-0.29378
-0.23409
-0.16984
-0.10622
-0.032439
0.046353
0.10661
0.13158
0.12155
0.080893
0.014221
-0.058679
-0.099934
-0.080267
-0.0070671
0.080736
0.14521
0.17364
0.17386
0.15546
0.12224
0.07724
0.022637
-0.047241
-0.13826
-0.23186
-0.27899
-0.23515
-0.10184
0.074134
0.23617
0.34089
0.3556
0.26279
0.083752
-0.11484
-0.25466
-0.2859
-0.19593
-0.0029439
0.23374
0.40995
0.42378
0.25046
-0.032059
-0.29375
-0.42417
-0.37098
-0.14964
0.15837
0.43191
0.56811
0.53283
0.36169
0.12577
-0.09399
-0.21856
-0.19812
-0.050766
0.13396
0.24582
0.21694
0.050631
-0.18528
-0.38415
-0.4444
-0.32274
-0.062304
0.22725
0.42012
0.42586
0.22906
-0.095916
-0.41398
-0.59284
-0.56083
-0.33296
-0.0087453
0.25935
0.3343
0.17155
-0.15297
-0.48588
-0.67419
-0.63385
-0.38862
-0.06406
0.17553
0.22034
0.074527
-0.15848
-0.34383
-0.38427
-0.25862
-0.026142
0.20021
0.30812
0.24593
0.051095
-0.17085
-0.29775
-0.24497
-0.0082093
0.32178
0.59548
0.68262
0.54034
0.23043
-0.11069
-0.33051
-0.33362
-0.13478
0.15432
0.39827
0.50533
0.44706
0.25443
0.014359
-0.15893
-0.19028
-0.093396
0.050417
0.15706
0.18174
0.12434
0.025174
-0.050215
-0.054541
-0.0011256
0.048342
0.043455
-0.015271
-0.091429
-0.14529
-0.14363
-0.061624
0.095025
0.26854
0.37202
0.34748
0.19865
-0.026211
-0.26227
-0.43748
-0.48958
-0.4067
-0.24743
-0.10275
-0.036242
-0.060168
-0.14717
-0.24545
-0.29439
-0.25418
-0.13475
0.0054844
0.093319
0.080639
-0.034246
-0.20857
-0.37147
-0.44862
-0.39682
-0.23707
-0.050181
0.079807
0.12412
0.10517
0.046817
-0.042417
-0.13495
-0.16836
-0.089925
0.0911
0.30259
0.44681
0.44125
0.26447
-0.006118
-0.22324
-0.27652
-0.17693
-0.025357
0.085717
0.11873
0.069078
-0.046547
-0.17137
-0.22426
-0.16357
-0.018984
0.14798
0.28765
0.35772
0.31881
0.17193
-0.0199
-0.17792
-0.26139
-0.25675
-0.14901
0.048777
0.25475
0.36149
0.32916
0.20663
0.064449
-0.056423
-0.13256
-0.14616
-0.10984
-0.071334
-0.063378
-0.065566
-0.040011
0.010791
0.05111
0.066011
0.071356
0.070173
0.040994
-0.014664
-0.050572
-0.028675
0.033438
0.09552
0.14738
0.19128
0.19483
0.11579
-0.02263
-0.12685
-0.12358
-0.031455
0.067504
0.099712
0.032686
-0.12275
-0.30155
-0.39195
-0.30198
-0.038794
0.28726
0.53761
0.61747
0.49491
0.19576
-0.19491
-0.54523
-0.7266
-0.67645
-0.42755
-0.090569
0.19253
0.30633
0.21648
-0.0069671
-0.22408
-0.30613
-0.20855
0.014995
0.25692
0.41393
0.42185
0.26821
-0.0044666
-0.30957
-0.54788
-0.64106
-0.55124
-0.30014
0.012464
0.23613
0.25937
0.084243
-0.19358
-0.4606
-0.62426
-0.61508
-0.41723
-0.10843
0.17617
0.34183
0.37525
0.29544
0.11822
-0.11033
-0.29825
-0.37097
-0.32761
-0.20842
-0.043213
0.12894
0.22744
0.1838
0.025842
-0.13805
-0.21897
-0.19437
-0.0675
0.15496
0.42209
0.62923
0.69609
0.63459
0.51049
0.366
0.2198
0.11497
0.10089
0.15915
0.19823
0.14304
-0.00041813
-0.17642
-0.3309
-0.41055
-0.35881
-0.16455
0.096746
0.30979
0.40922
0.40352
0.32375
0.18775
0.021193
-0.12298
-0.19624
-0.19802
-0.1694
-0.14751
-0.14228
-0.15279
-0.17903
-0.20419
-0.18817
-0.10672
0.0058226
0.074509
0.048499
-0.062608
-0.20877
-0.33306
-0.38861
-0.35596
-0.2625
-0.16849
-0.1187
-0.11809
-0.15823
-0.23938
-0.34464
-0.41474
-0.38522
-0.2491
-0.060663
0.11722
0.24384
0.28948
0.24136
0.13789
0.05884
0.052664
0.097205
0.15128
0.20901
0.27106
0.30234
0.27285
0.21899
0.20603
0.23859
0.26412
0.25989
0.25451
0.25629
0.22599
0.14669
0.064958
0.025323
0.0069737
-0.03344
-0.092588
-0.14145
-0.18732
-0.25754
-0.33004
-0.33652
-0.24566
-0.10335
0.021384
0.093963
0.1041
0.041052
-0.081907
-0.19927
-0.23609
-0.1853
-0.11263
-0.077884
-0.081811
-0.10205
-0.14256
-0.21302
-0.2837
-0.30466
-0.26443
-0.19498
-0.12292
-0.053562
-0.0040767
-0.0071561
-0.06139
-0.11207
-0.10925
-0.06323
-0.01654
0.017201
0.051664
0.078227
0.061743
-0.0063298
-0.083021
-0.11494
-0.079538
0.023511
0.18748
0.37785
0.5209
0.55003
0.45983
0.29351
0.092593
-0.10967
-0.26049
-0.30448
-0.24257
-0.14082
-0.065408
-0.032908
-0.031583
-0.055108
-0.09197
-0.10915
-0.079192
-0.016205
0.035056
0.040263
-0.0048043
-0.078588
-0.13512
-0.11393
0.013658
0.19317
0.30284
0.24451
0.023919
-0.25416
-0.45513
-0.48106
-0.30741
0.0049656
0.3337
0.55879
0.62194
0.53322
0.34149
0.11706
-0.054026
-0.099448
-0.0048386
0.17471
0.34635
0.41884
0.33155
0.085541
-0.23433
-0.487
-0.55601
-0.422
-0.16648
0.083943
0.21897
0.18424
0.0049734
-0.21457
-0.34087
-0.29323
-0.091115
0.17064
0.37966
0.44584
0.32662
0.056609
-0.24565
-0.43125
-0.40887
-0.19577
0.10268
0.35477
0.45935
0.3788
0.14933
-0.13493
-0.36993
-0.50023
-0.53834
-0.52584
-0.48586
-0.42269
-0.34953
-0.28834
-0.24625
-0.21773
-0.20916
-0.23508
-0.28732
-0.33256
-0.34524
-0.32139
-0.25803
-0.1475
-0.0046964
0.12222
0.18567
0.1732
0.10228
0.00062754
-0.092664
-0.12513
-0.060437
0.085647
0.25293
0.38171
0.44171
0.42724
0.35014
0.24409
0.15367
0.10246
0.078237
0.056168
0.025633
-0.013436
-0.065023
-0.12816
-0.17708
-0.16937
-0.082792
0.061798
0.21674
0.33845
0.39771
0.37486
0.27083
0.13018
0.031721
0.032674
0.12126
0.23057
0.29024
0.25884
0.13125
-0.050166
-0.19466
-0.212
-0.086297
0.1063
0.25923
0.3042
0.22551
0.046732
-0.16681
-0.31551
-0.32126
-0.18965
-0.0030969
0.14676
0.20732
0.16302
0.026114
-0.15727
-0.31767
-0.40041
-0.38998
-0.29904
-0.1545
-0.0025783
0.096417
0.10476
0.038325
-0.048995
-0.10762
-0.11346
-0.0639
0.021327
0.094616
0.10113
0.021833
-0.10905
-0.23335
-0.30619
-0.3051
-0.22704
-0.096681
0.033251
0.11334
0.13279
0.11276
0.066323
-0.018954
-0.15312
-0.31265
-0.45059
-0.53157
-0.54207
-0.47136
-0.30958
-0.080392
0.14118
0.26659
0.24973
0.10196
-0.12486
-0.34328
-0.43732
-0.31901
-0.00756
0.36237
0.62652
0.68258
0.51374
0.17516
-0.20857
-0.46682
-0.46927
-0.21773
0.15628
0.48458
0.64611
0.58969
0.33889
0.004195
-0.24967
-0.30504
-0.17464
0.024913
0.17059
0.19068
0.063354
-0.17696
-0.42132
-0.53073
-0.44044
-0.2069
0.057923
0.26875
0.37573
0.34684
0.1932
-0.0081096
-0.16243
-0.22854
-0.21826
-0.14323
-0.0026062
0.17949
0.34617
0.45135
0.48588
0.4536
0.35377
0.20519
0.061005
-0.02726
-0.048631
-0.020096
0.045536
0.13426
0.2059
0.20681
0.11626
-0.032496
-0.17881
-0.2708
-0.2801
-0.20884
-0.1005
-0.028197
-0.043795
-0.13434
-0.24143
-0.31782
-0.3477
-0.32477
-0.24964
-0.15547
-0.09876
-0.10322
-0.13364
-0.13886
-0.098909
-0.019316
0.088441
0.1931
0.23213
0.15147
-0.039047
-0.26473
-0.43701
-0.49463
-0.41294
-0.21199
0.030122
0.20087
0.22568
0.12335
-0.018251
-0.11461
-0.12425
-0.040557
0.11376
0.27662
0.36627
0.33813
0.21649
0.064923
-0.058325
-0.11273
-0.076272
0.037109
0.17086
0.26033
0.2745
0.21669
0.10028
-0.052549
-0.1924
-0.25221
-0.19315
-0.038601
0.13953
0.26085
0.26685
0.13846
-0.088959
-0.32822
-0.47977
-0.48623
-0.35521
-0.13998
0.08877
0.25917
0.31655
0.25159
0.11108
-0.030544
-0.11575
-0.12518
-0.071674
0.0083969
0.060919
0.035148
-0.081173
-0.24544
-0.38242
-0.42412
-0.33765
-0.13923
0.10033
0.27403
0.29321
0.1454
-0.097382
-0.32494
-0.4423
-0.39774
-0.19781
0.083061
0.32468
0.42537
0.3614
0.18769
-0.0093087
-0.15258
-0.19017
-0.1116
0.031503
0.1428
0.15043
0.063003
-0.051911
-0.13452
-0.16171
-0.12741
-0.034231
0.088705
0.19312
0.2534
0.27897
0.2743
0.21813
0.10659
-0.0092358
-0.064255
-0.046789
0.0042729
0.057012
0.1044
0.13117
0.10843
0.034478
-0.053872
-0.12682
-0.18716
-0.23216
-0.22492
-0.13759
-0.0031515
0.10839
0.15238
0.12252
0.025632
-0.10972
-0.20509
-0.16634
0.027105
0.28682
0.48194
0.52684
0.40745
0.16669
-0.10271
-0.27752
-0.27052
-0.097863
0.13412
0.31221
0.37459
0.30307
0.10826
-0.15021
-0.36061
-0.42135
-0.31279
-0.096248
0.14131
0.31708
0.34961
0.18657
-0.13541
-0.48283
-0.7058
-0.72807
-0.5657
-0.29644
-0.03669
0.087112
0.0065409
-0.22913
-0.48358
-0.63519
-0.64258
