KM
33120
38157
11552
21968
39661
16128
45002
45272
41905
29262
66682
58600
16489
12500
26489
29941
14121
30001
15293
26313
30175
35698
19299
21000
17450
40544
28115
12984
25067
10528
16023
11425
11425
22612
43324
26095
21365
17759
43066
30297
15000
17979
16201
52132
65894
37250
18563
62319
36103
36069
7947
19054
4
15246
11730
17486
19358
11836
5557
30168
38729
19823
34265
19878
12357
30440
17471
17525
32787
75287
93000
21200
18200
62123
25878
30962
37249
16016
35509
37407
34964
51751
30554
58320
81676
38131
17579
30122
15040
18484
25340
65002
40937
16937
47593
56412
20312
23645
53575
43941
34400
23338
30504
40717
36175
90880
30010
26219
19042
42149
5000
19453
17100
92400
40210
64952
1725
20661
20135
41027
17610
27376
19116
31625
59352
50356
65152
30250
32610
15300
28902
14041
32361
41620
63016
36404
59572
30080
30666
546
24910
48765
26632
11945
22519
10204
37350
68379
9656
74000
28319
35677
67000
42054
20882
29676
29040
10738
18915
30919
34328
20889
14339
16897
17800
21164
23234
46697
51191
48425
45702
12103
25707
19460
17244
12680
24121
14510
22886
18304
60214
14668
30655
60657
15380
38098
36469
30195
25201
47812
35457
32872
35629
31635
51151
63224
19938
19938
42582
14919
