663
447
2908
389
3910
224
1701
219
730
1745
529
645
6632
1284
4814
4017
3870
500
700
400
1548
823
2265
2601
1129
3399
1465
262
1400
1225
1235
2690
1374
1942
421
1828
1275
1434
1653
2006
1664
1781
1893
2411
2161
18
1791
2428
1165
1676
1235
377
2672
1031
854
1762
537
2728
850
866
1790
886
838
478
2081
817
3311
723
2362
1886
2261
2657
1712
999
3881
2132
2126
1905
1636
1771
2756
980
1855
3545
1442
1432
1638
629
1656
1394
1353
1014
1141
2604
918
928
1042
496
2294
324
946
563
2391
936
2086
362
2854
1487
2017
1503
3061
519
930
994
1514
694
767
2283
1099
1317
