0.12318
0.12313
0.12299
0.12257
0.12173
0.1205
0.11941
0.11933
0.12089
0.12386
0.12721
0.12992
0.13154
0.13216
0.1321
0.13184
0.13182
0.13206
0.13206
0.13154
0.13076
0.13006
0.1294
0.12855
0.12758
0.12672
0.12589
0.12488
0.12376
0.12287
0.12232
0.12184
0.1212
0.12043
0.11966
0.11898
0.11854
0.11853
0.11898
0.11963
0.12009
0.12016
0.1199
0.11946
0.11904
0.11886
0.11906
0.11958
0.12018
0.12059
0.12066
0.12043
0.12005
0.11973
0.11972
0.12017
0.12111
0.12229
0.12331
0.1238
0.12358
0.1227
0.12144
0.12029
0.11971
0.11988
0.12059
0.12142
0.12202
0.12216
0.12174
0.12082
0.11965
0.11864
0.11817
0.11841
0.1193
0.12062
0.12207
0.12339
0.12443
0.12514
0.12547
0.12534
0.12474
0.1238
0.12276
0.12189
0.12139
0.12132
0.12161
0.12215
0.12278
0.12331
0.12363
0.12376
0.12394
0.12448
0.12563
0.12737
0.12947
0.13151
0.13306
0.13384
0.13382
0.13318
0.13222
0.13115
0.13009
0.1291
0.12823
0.12753
0.12703
0.12671
0.12654
0.12659
0.12693
0.12761
0.12859
0.12969
0.13068
0.13127
0.13127
0.13068
0.12968
0.12851
0.12728
0.12607
0.12499
0.12422
0.12386
0.12397
0.12452
0.12539
0.12631
0.12693
0.12701
0.12658
0.12581
0.12491
0.12411
0.12357
0.12334
0.12334
0.1234
0.12345
0.12348
0.12347
0.12339
0.12322
0.12291
0.1224
0.12163
0.12058
0.1193
0.1179
0.1166
0.11564
0.11519
0.1153
0.1159
0.11679
0.11772
0.11844
0.11884
0.11887
0.11846
0.1176
0.11637
0.11503
0.11388
0.11315
0.11297
0.11335
0.11416
0.11514
0.11604
0.11676
0.11728
0.11771
0.11817
0.11883
0.11977
0.12088
0.1219
0.12259
0.12287
0.12277
0.12237
0.12182
0.12134
0.12116
0.12139
0.12203
0.12297
0.12405
0.12502
0.12569
0.12597
0.1259
0.12555
0.125
0.12436
0.12379
0.12339
0.12315
0.12305
0.12304
0.12303
0.12297
0.1229
0.12296
0.12329
0.12395
0.12495
0.12623
0.12767
0.12914
0.1305
0.1317
0.13269
0.13347
0.13413
0.13487
0.13586
0.13708
0.13837
0.13946
0.14009
0.14013
0.13959
0.13863
0.13744
0.13619
0.13497
0.13384
0.13284
0.13197
0.13127
0.13079
0.13054
0.13052
0.1307
0.13102
0.13142
0.13186
0.13232
0.13278
0.13319
0.13343
0.13339
0.13293
0.13199
0.13062
0.12901
0.12738
0.12597
0.12494
0.12442
0.12443
0.12478
0.12512
0.12509
0.12449
0.12335
0.12186
0.12035
0.11908
0.11816
0.11738
0.11647
0.11524
0.11371
0.11198
0.11026
0.10882
0.10791
0.10759
0.10769
0.10797
0.10825
0.10835
0.10814
0.10759
0.10685
0.10613
0.10563
0.1055
0.10588
0.10683
0.1082
0.10967
0.11085
0.11145
0.1113
0.11047
0.10927
0.10815
0.10746
0.10735
0.10776
0.10853
0.10942
0.11028
0.11102
0.11173
0.11249
0.1134
0.11445
0.11555
0.11655
0.11728
0.1177
0.11787
0.11795
0.11814
0.11858
0.11934
0.12039
0.12165
0.12308
0.12467
0.12634
0.12803
0.12968
0.1313
0.13292
0.13454
0.13613
0.13757
0.13871
0.13945
0.13989
0.14027
0.14086
0.14185
0.14328
0.14504
0.14685
0.14835
0.14929
0.14961
0.14946
0.1491
0.14877
0.14872
0.14916
0.15018
0.15168
0.15348
0.1554
0.15736
0.15919
0.16064
0.16145
0.16141
0.16029
0.15788
0.1542
0.14964
0.14486
0.1404
0.13667
0.13401
0.1327
0.1327
0.13364
0.13509
0.13677
0.13837
0.13944
0.13963
0.13885
0.13714
0.13447
0.13084
0.12646
0.12175
0.11718
0.11319
0.11019
0.10828
0.10711
0.10614
0.10506
0.10391
0.1028
0.10174
0.10073
0.099703
0.0984
0.096463
0.093829
0.090824
0.087861
0.085257
0.08338
0.082597
0.082861
0.083536
0.083875
0.083582
0.082819
0.08188
0.081039
0.080478
0.080087
0.079429
0.078172
0.076506
0.074962
0.07394
0.073612
0.07409
0.075318
0.076817
0.077894
0.078219
0.078056
0.077925
0.078256
0.079318
0.081122
0.083267
0.085137
0.086421
0.08735
0.088395
0.089966
0.092434
0.096128
0.10104
0.10665
0.11221
0.11711
0.12105
0.12405
0.12654
0.12923
0.13267
0.13697
0.14209
0.14809
0.155
0.16255
0.17044
0.17858
0.18694
0.19531
0.20351
0.21163
0.21984
0.22808
0.23614
0.24406
0.25217
0.26074
0.26985
0.27956
0.28997
0.3009
0.31194
0.32276
0.33326
0.34343
0.35327
0.36281
0.37225
0.38163
0.39057
0.39743
0.39674
0.37556
0.31416
0.19798
0.03728
-0.12521
-0.23646
-0.27128
-0.24754
-0.20361
-0.16838
-0.15381
-0.15954
-0.17117
-0.16571
-0.13494
-0.096636
-0.070265
-0.051373
-0.024508
0.0096736
0.03895
0.062861
0.090702
0.12004
0.13757
0.14187
0.14776
0.16447
0.18359
0.19233
0.18696
0.16926
0.14116
0.10977
0.089804
0.092473
0.11405
0.13953
0.15512
0.15453
0.13767
0.10966
0.081216
0.064654
0.065939
0.080231
0.095415
0.099736
0.086887
0.056843
0.015636
-0.024317
-0.04656
-0.03808
0.0025727
0.063782
0.12652
0.17155
0.18533
0.16629
0.12859
0.096497
0.090231
0.11504
0.1626
0.21902
0.26923
0.29777
0.29295
0.25389
0.19255
0.12776
0.07709
0.051827
0.055039
0.082403
0.12642
0.18118
0.24249
0.30401
0.35571
0.38759
0.3949
0.38013
0.35133
0.3183
0.28851
0.26511
0.24747
0.23162
0.20967
0.17148
0.11143
0.035177
-0.040531
-0.095423
-0.11433
-0.092513
-0.037116
0.035393
0.10628
0.16276
0.20151
0.22554
0.2385
0.24168
0.23482
0.2182
0.19338
0.16197
0.12445
0.081442
0.036918
-0.00070812
-0.021525
-0.018439
0.010182
0.059215
0.11689
0.16884
0.20541
0.22512
0.23007
0.21974
0.19171
0.14752
0.094606
0.04286
0.0021147
-0.018019
-0.01152
0.017585
0.054725
0.083653
0.095319
0.08856
0.066826
0.037358
0.010233
-0.0067149
-0.012367
-0.010068
-0.0020241
0.01237
0.034211
0.063565
0.099658
0.14039
0.1813
0.21568
0.23596
0.23587
0.2133
0.17248
0.12327
0.077848
0.04762
0.040557
0.058417
0.096246
0.1463
0.20228
0.25824
0.30481
0.33036
0.32759
0.29778
0.24884
0.19155
0.13762
0.096938
0.073091
0.061415
0.052949
0.04027
0.019819
-0.0082036
-0.038723
-0.06139
-0.065597
-0.048454
-0.017113
0.017045
0.044797
0.059923
0.058058
0.038779
0.0082631
-0.022718
-0.043707
-0.047038
-0.028182
0.012545
0.068654
0.13065
0.19132
0.24681
0.29399
0.33014
0.35569
0.37466
0.3911
0.40656
0.4206
0.43102
0.43276
0.41952
0.38875
0.34399
0.292
0.23918
0.19119
0.15255
0.12445
0.10411
0.087564
0.071237
0.050851
0.022498
-0.012182
-0.043347
-0.057642
-0.04579
-0.0066131
0.053206
0.12172
0.18622
0.23818
0.27495
0.2977
0.30851
0.30897
0.29977
0.28079
0.25204
0.21484
0.17204
0.1273
0.084045
0.044763
0.010811
-0.017014
-0.037299
-0.047398
-0.044341
-0.026815
0.0031738
0.039692
0.073462
0.094078
0.093872
0.071158
0.030215
-0.020881
-0.071193
-0.10711
-0.11612
-0.09405
-0.048816
0.0039044
0.048884
0.077046
0.088065
0.091077
0.10069
0.12717
0.1685
0.21257
0.24618
0.26054
0.25158
0.22111
0.17932
0.14145
0.11886
0.11403
0.12353
0.14192
0.16123
0.1708
0.16209
0.1334
0.08889
0.03526
-0.01814
-0.05794
-0.070234
-0.047803
0.0058059
0.077895
0.15053
0.20505
0.22836
0.21919
0.18836
0.15171
0.12204
0.1057
0.10302
0.10949
0.11826
0.12443
0.1283
0.13453
0.14888
0.1753
0.21363
0.25813
0.29895
0.32682
0.33709
0.3304
0.31125
0.28595
0.2599
0.23561
0.2136
0.19484
0.18092
0.17202
0.16636
0.16233
0.16042
0.16315
0.17346
0.19186
0.21364
0.22885
0.22708
0.20396
0.16401
0.11847
0.08072
0.062128
0.067883
0.093519
0.12519
0.14558
0.14167
0.10826
0.046286
-0.039289
-0.13874
-0.23767
-0.32174
-0.38214
-0.41501
-0.41561
-0.37665
-0.29391
-0.17091
-0.016656
0.1564
0.32804
0.46873
0.55109
0.56423
0.51388
0.41166
0.27157
0.11573
-0.027456
-0.13654
-0.20396
-0.22769
-0.20368
-0.13215
-0.025124
0.10035
0.23305
0.36479
0.48063
0.56106
0.59402
0.57955
0.52606
0.45019
0.37707
0.32805
0.30481
0.29241
0.27936
0.2675
0.26345
0.27108
0.29418
0.33417
0.37917
0.40463
0.39155
0.33809
0.25166
0.1421
0.029686
-0.054068
-0.088568
-0.083715
-0.068129
-0.062091
-0.068397
-0.080505
-0.087271
-0.075976
-0.045646
-0.016584
-0.014999
-0.048008
-0.10166
-0.15858
-0.20475
-0.22314
-0.20004
-0.14407
-0.086161
-0.053836
-0.051647
-0.066848
-0.081631
-0.07703
-0.040355
0.020158
0.075386
0.098
0.081155
0.033801
-0.029892
-0.088379
-0.11141
-0.075681
0.017863
0.14636
0.27928
0.38675
0.44569
0.45128
0.41973
0.37141
0.31492
0.25346
0.19762
0.15937
0.13914
0.13085
0.13513
0.15516
0.18395
0.2098
0.23168
0.25542
0.27601
0.27782
0.25376
0.21227
0.16496
0.11961
0.087452
0.083685
0.11403
0.16873
0.23399
0.30195
0.36636
0.41801
0.45044
0.46291
0.45209
0.40852
0.32946
0.23042
0.13587
0.061645
0.011964
-0.011718
-0.008807
0.01594
0.055121
0.10511
0.16223
0.21447
0.24666
0.25429
0.24408
0.2205
0.18042
0.12293
0.056225
-0.0078328
-0.05942
-0.0895
-0.091011
-0.065878
-0.025629
0.018978
0.065562
0.11573
0.1681
0.21821
0.26028
0.28553
0.28332
0.24852
0.18626
0.10824
0.027962
-0.039249
-0.078727
-0.085688
-0.070382
-0.050849
-0.042296
-0.053502
-0.085551
-0.12716
-0.15524
-0.14787
-0.098309
-0.016196
0.07892
0.16121
0.20404
0.19409
0.14195
0.074182
0.015233
-0.020823
-0.028114
-0.0096959
0.019986
0.042784
0.050456
0.047882
0.045828
0.057292
0.097141
0.17229
0.26777
0.3503
0.39047
0.37836
0.32004
0.23049
0.13369
0.058464
0.023983
0.031302
0.070925
0.13144
0.1971
0.24697
0.26685
0.25976
0.23974
0.21935
0.20677
0.20716
0.21807
0.22724
0.22276
0.20418
0.17986
0.15765
0.14321
0.14225
0.15701
0.18244
0.21039
0.23382
0.24173
0.21617
0.14489
0.037366
-0.077777
-0.17071
-0.22235
-0.22507
-0.18396
-0.1181
-0.050373
0.0093443
0.067187
0.13215
0.2066
0.28891
0.37454
0.44898
0.48801
0.47328
0.40713
0.31081
0.21379
0.14587
0.12873
0.16331
0.22536
0.27978
0.30185
0.28697
0.24796
0.20842
0.19256
0.21078
0.25172
0.2905
0.30427
0.28096
0.22167
0.14284
0.073009
0.037778
0.044351
0.082188
0.13535
0.18933
0.23038
0.24847
0.24323
0.22069
0.1829
0.12645
0.052155
-0.030409
-0.11005
-0.17948
-0.23179
-0.25889
-0.25832
-0.23777
-0.20912
-0.18072
-0.15655
-0.13743
-0.11984
-0.098006
-0.071556
-0.048893
-0.041164
-0.055085
-0.090929
-0.14112
-0.18797
-0.20854
-0.18757
-0.12531
-0.032807
0.076047
0.18671
0.28586
0.36745
0.43448
0.49053
0.53175
0.55047
0.54293
0.5096
0.452
0.37623
0.29812
0.23786
0.20729
0.20419
0.21713
0.23182
0.23508
0.2201
0.19037
0.15509
0.11971
0.083604
0.046328
0.011588
-0.015533
-0.030654
-0.028338
-0.0030473
0.045252
0.1085
0.17417
0.22875
0.25866
0.25458
0.21972
0.17122
0.13046
0.11241
0.12305
0.16026
0.21262
0.26147
0.29074
0.29558
0.28049
0.2523
0.21855
0.18822
0.16664
0.14942
0.12693
0.095527
0.060531
0.028322
0.00078862
-0.021794
-0.038271
-0.049653
-0.059798
-0.069498
-0.073155
-0.064208
-0.040678
-0.0031159
0.048189
0.10947
0.17023
0.2187
0.24918
0.26168
0.25801
0.2415
0.21686
0.18514
0.14158
0.083638
0.019368
-0.035444
-0.065712
-0.05924
-0.0067205
0.090746
0.21355
0.3295
0.41033
0.44172
0.42259
0.3637
0.28773
0.22111
0.17888
0.15792
0.14572
0.13295
0.11756
0.10301
0.096096
0.10294
0.12202
0.14114
0.14376
0.119
0.067398
0.0004389
-0.064177
-0.11066
-0.13288
-0.13527
-0.12667
-0.11399
-0.10025
-0.084085
-0.059515
-0.019616
0.036839
0.1028
0.16649
0.21521
0.23719
0.22695
0.19319
0.15803
0.14389
0.16061
0.20447
0.26472
0.3277
0.3795
0.41181
0.42611
0.42913
0.42445
0.41061
0.38494
0.34451
0.28426
0.20038
0.098025
-0.0074452
-0.098462
-0.16265
-0.19337
-0.18873
-0.15334
-0.098105
-0.035195
0.025825
0.076261
0.10662
0.11034
0.088416
0.048842
0.0036507
-0.032108
-0.042966
-0.021028
0.027519
0.086331
0.13933
0.17629
0.19202
0.18633
0.1659
0.14143
0.12009
0.10187
0.083574
0.064011
0.044458
0.027366
0.017089
0.02017
0.041805
0.08164
0.13441
0.19415
0.25551
0.3103
0.34521
0.34597
0.30508
0.22702
0.12846
0.034739
-0.026644
-0.03515
0.014686
0.1112
0.23022
0.3425
0.42131
0.44939
0.42376
0.35519
0.26242
0.1657
0.082799
0.027128
0.0055484
0.016453
0.049963
0.091328
0.12661
0.1482
0.15721
0.16122
0.16889
0.18505
0.20841
0.23257
0.24931
0.25219
0.23838
0.20811
0.16415
0.11247
0.061931
0.021175
-0.0045945
-0.013648
-0.0062884
0.014338
0.040517
0.06165
0.068744
0.057089
0.026584
-0.016879
-0.059587
-0.082838
-0.071311
-0.02103
0.058364
0.14677
0.22019
0.2598
0.2612
0.23782
0.21462
0.21489
0.24811
0.30523
0.36288
0.39382
0.37894
0.31562
0.219
0.11666
0.039069
0.0087187
0.03127
0.092866
0.16564
0.2189
0.23058
0.19476
0.12331
0.040791
-0.026325
-0.061664
-0.065187
-0.050339
-0.035455
-0.035259
-0.055062
-0.08797
-0.11688
-0.12257
-0.094075
-0.034292
0.042421
0.11729
0.17354
0.19961
0.19011
0.14625
0.075868
-0.0078102
-0.088924
-0.15171
-0.1828
-0.17445
-0.12835
-0.056113
0.02574
0.1026
0.16443
0.20513
0.22369
0.22696
0.22783
0.23713
0.25742
0.28419
0.31028
0.32729
0.32645
0.30334
0.26263
0.2163
0.17677
0.15283
0.14962
0.16831
0.20379
0.24519
0.28054
0.30147
0.30448
0.29131
0.27013
0.25417
0.25472
0.27297
0.29828
0.31435
0.30806
0.27593
0.22626
0.17617
0.14374
0.13902
0.15926
0.19018
0.21203
0.20726
0.1669
0.093514
-0.00020584
-0.095404
-0.17209
-0.21432
-0.21451
-0.17505
-0.10651
-0.023767
0.058055
0.12674
0.17458
0.19797
0.19565
0.16804
0.11892
0.057347
-0.003145
-0.048289
-0.067331
-0.055974
-0.017571
0.038457
0.10129
0.16349
0.22212
0.27646
0.32567
0.36751
0.39736
0.40884
0.39772
0.36613
0.32214
0.27526
0.23328
0.20161
0.1824
0.17389
0.17305
0.17946
0.19427
0.21538
0.236
0.24866
0.24791
0.22892
0.18696
0.12098
0.036131
-0.058374
-0.15211
-0.23338
-0.29033
-0.31675
-0.31714
-0.3036
-0.28746
-0.27409
-0.26284
-0.24789
-0.22046
-0.17567
-0.12044
-0.072421
-0.048436
-0.053224
-0.077406
-0.10214
-0.10526
-0.069209
0.0095074
0.11697
0.22917
0.32361
0.38596
0.41162
0.40651
0.38587
0.36711
0.36056
0.36576
0.37493
0.3783
0.36814
0.34267
0.30853
0.27855
0.26499
0.27374
0.3027
0.34346
0.38391
0.412
0.41959
0.40413
0.36754
0.31429
0.25038
0.18233
0.11578
0.055055
0.0039713
-0.03361
-0.0547
-0.058343
-0.045889
-0.021019
0.010254
0.040864
0.065398
0.081736
0.090162
0.091916
0.089097
0.084551
0.080213
0.075743
0.069746
0.062204
0.055332
0.052937
0.059766
0.08036
0.11653
0.16534
0.21987
0.27182
0.31316
0.33718
0.34013
0.3228
0.28981
0.24699
0.19946
0.15102
0.1046
0.063255
0.031077
0.012525
0.010002
0.02245
0.046286
0.07664
0.10732
0.13131
0.14319
0.14161
0.12905
0.11047
0.092191
0.080249
0.077284
0.080804
0.085683
0.088294
0.087666
0.083816
0.076947
0.067962
0.057729
0.045513
0.029905
0.012053
-0.0031008
-0.0093911
-0.0027818
0.017046
0.046308
0.077757
0.10369
0.12019
0.12837
0.13152
0.13194
0.13062
0.12803
0.12359
0.11556
0.10294
0.086756
0.068451
0.047876
0.024116
-0.0023307
-0.029239
-0.053652
-0.072007
-0.080147
-0.074815
-0.055079
-0.0217
0.023996
0.079445
0.1397
0.19823
0.24896
0.28743
0.3115
0.32196
0.3217
0.31295
0.29548
0.26817
0.23198
0.19144
0.15425
0.12971
0.12489
0.13949
0.16455
0.18754
0.19961
0.19885
0.18926
0.17833
0.17388
0.18018
0.19539
0.21314
0.2265
0.23078
0.22476
0.21129
0.19684
0.18809
0.18768
0.19301
0.19877
0.19987
0.19338
0.18033
0.16728
0.16429
0.17882
0.21004
0.24806
0.27755
0.28302
0.25501
0.19581
0.1204
0.049532
-0.00072746
-0.025415
-0.030462
-0.028419
-0.032249
-0.048347
-0.072386
-0.091941
-0.094133
-0.071936
-0.025766
0.03778
0.10811
0.17415
0.22849
0.2691
0.29753
0.31577
0.32412
0.31997
0.29828
0.25481
0.1905
0.11318
0.034891
-0.032238
-0.079051
-0.1013
-0.10067
-0.083521
-0.057228
-0.027215
0.0031895
0.031726
0.057451
0.0812
0.10378
0.12318
0.13482
0.13523
0.12503
0.10861
0.092317
0.083151
0.086162
0.10022
0.11641
0.12239
0.10924
0.075033
0.024558
-0.031657
-0.079086
-0.10422
-0.1014
-0.075629
-0.038875
-0.0031394
0.024539
0.043711
0.059451
0.079052
0.10751
0.14447
0.18502
0.22323
0.25527
0.2796
0.29537
0.30192
0.30037
0.29515
0.29288
0.29951
0.31753
0.34463
0.37312
0.39133
0.38793
0.35765
0.30467
0.24128
0.18341
0.14528
0.13439
0.14801
0.17391
0.19624
0.20329
0.19201
0.16699
0.13656
0.10892
0.089761
0.080616
0.078678
0.078535
0.074914
0.064749
0.048294
0.029808
0.016945
0.01749
0.034885
0.066089
0.10309
0.13581
0.15474
0.15366
0.13265
0.098901
0.063688
0.037411
0.025738
0.028283
0.039934
0.054351
0.067841
0.080844
0.095995
0.1147
0.13503
0.15234
0.16173
0.1611
0.15253
0.14138
0.13376
0.13399
0.14296
0.15756
0.17157
0.17813
0.17249
0.15318
0.12189
0.082799
0.041633
0.0039461
-0.026226
-0.045867
-0.051466
-0.039015
-0.0062107
0.044997
0.10731
0.16883
0.21576
0.23671
0.22682
0.18915
0.13295
0.070386
0.013558
-0.027923
-0.048863
-0.049379
-0.034209
-0.010818
0.01285
0.030748
0.041186
0.04834
0.060969
0.087948
0.13287
0.19095
0.24976
0.2936
0.3098
0.29487
0.25716
0.21387
0.18382
0.18014
0.20595
0.25322
0.30471
0.33974
0.34281
0.31079
0.25444
0.19387
0.15058
0.13867
0.15803
0.19343
0.22149
0.22186
0.18631
0.12159
0.046731
-0.01371
-0.038763
-0.019669
0.036396
0.1099
0.17742
0.22008
0.22876
0.20597
0.16463
0.12312
0.097599
0.095333
0.11241
0.13606
0.1496
0.13909
0.1001
0.041096
-0.01983
-0.063292
-0.076806
-0.058903
-0.018757
0.027759
0.064712
0.083215
0.085188
0.081188
0.083757
0.10055
0.13067
0.16509
0.19057
0.19617
0.1794
0.14806
0.11619
0.097429
0.099666
0.12287
0.15948
0.19761
0.22642
0.24044
0.24009
0.22934
0.21369
0.19882
0.18864
0.18364
0.18158
0.17968
0.17557
0.16689
0.15205
0.13168
0.10813
0.08341
0.058468
0.034245
0.011978
-0.0077043
-0.024396
-0.036087
-0.039122
-0.030979
-0.012554
0.012397
0.038783
0.060784
0.073056
0.07375
0.066569
0.058839
0.057248
0.065266
0.083067
0.1078
0.13373
0.15409
0.16469
0.16663
0.16585
0.17018
0.18574
0.21389
0.24965
0.28268
0.301
0.29578
0.26502
0.21455
0.15596
0.10251
0.065335
0.051122
0.060758
0.088632
0.12375
0.15347
0.16818
0.16441
0.14576
0.1216
0.10337
0.098825
0.10799
0.12413
0.13901
0.14798
0.15157
0.15399
0.15995
0.17129
0.18489
0.19381
0.19154
0.17649
0.15339
0.13132
0.1199
0.12505
0.14562
0.173
0.19497
0.2016
0.18901
0.15979
0.1213
0.083102
0.053512
0.036627
0.03204
0.037146
0.04898
0.064056
0.078125
0.087506
0.090594
0.087851
0.081341
0.075078
0.074589
0.083894
0.1021
0.12335
0.14016
0.14682
0.14127
0.12612
0.10819
0.095192
0.091147
0.094653
0.10116
0.10608
0.10606
0.099534
0.087911
0.076062
0.070354
0.075295
0.091678
0.11699
0.14651
0.17439
0.19557
0.20832
0.2149
0.21912
0.22305
0.22592
0.22514
0.21735
0.19923
0.1692
0.12973
0.087546
0.050861
0.025837
0.014794
0.015927
0.023452
0.028876
0.024599
0.0083987
-0.014619
-0.03415
-0.03934
-0.023569
0.012089
0.05824
0.10069
0.12709
0.1328
0.12264
0.10794
0.10103
0.10957
0.13298
0.16293
0.18737
0.19626
0.18602
0.1613
0.13318
0.11457
0.11519
0.13819
0.17946
0.2291
0.27466
0.30562
0.31691
0.30966
0.28928
0.26318
0.23864
0.22048
0.20927
0.20155
0.19242
0.17834
0.15847
0.13507
0.11323
0.09936
0.098064
0.10931
0.12813
0.14683
0.158
0.15724
0.14484
0.12561
0.10636
0.092376
0.085383
0.084021
0.085508
0.086937
0.085941
0.081247
0.073132
0.063319
0.05417
0.047489
0.043638
0.041727
0.040862
0.041285
0.044267
0.051155
0.062935
0.080525
0.10463
0.13454
0.16705
0.19662
0.21699
0.22296
0.21248
0.18849
0.15906
0.13423
0.12113
0.12089
0.12942
0.13978
0.14454
0.13829
0.12018
0.094353
0.067407
0.045195
0.03184
0.029852
0.03921
0.056208
0.074342
0.086937
0.08922
0.079192
0.058272
0.031506
0.0060792
-0.011437
-0.017249
-0.011035
0.0044982
0.025052
0.04669
0.066866
0.08395
0.096696
0.10476
0.10929
0.11258
0.11733
0.12636
0.14202
0.16482
0.19254
0.22089
0.2449
0.26023
0.26444
0.25858
0.24753
0.23806
0.23528
0.24038
0.25075
0.26151
0.26727
0.26409
0.25148
0.23315
0.21573
0.20584
0.20764
0.22131
0.24244
0.26279
0.27322
0.26758
0.24535
0.21128
0.17281
0.13684
0.10738
0.084954
0.067563
0.052375
0.037267
0.021929
0.0080744
-0.0016596
-0.005326
-0.0023022
0.0071944
0.022345
0.041247
0.060856
0.077906
0.089835
0.095117
0.093792
0.088321
0.083175
0.082302
0.086499
0.093217
0.098528
0.098916
0.092048
0.077577
0.05813
0.03901
0.026122
0.023579
0.032191
0.048893
0.067677
0.08277
0.092332
0.099157
0.10778
0.12139
0.1409
0.16498
0.1897
0.20923
0.2184
0.21483
0.19873
0.17222
0.13958
0.10714
0.080692
0.06289
0.053513
0.051793
0.057383
0.069463
0.086339
0.10633
0.12798
0.14881
0.16455
0.17072
0.16509
0.14903
0.12719
0.10649
0.094123
0.09495
0.10957
0.13465
0.16463
0.1932
0.21447
0.22441
0.22202
0.20932
0.19064
0.1717
0.15851
0.15541
0.16357
0.18087
0.20277
0.22266
0.23237
0.22481
0.19831
0.1589
0.11799
0.087212
0.074002
0.078828
0.094221
0.10735
0.10652
0.087324
0.05345
0.01324
-0.023526
-0.047485
-0.052113
-0.036257
-0.0041709
0.036679
0.077609
0.1104
0.13006
0.13721
0.13727
0.1367
0.14001
0.1486
0.16019
0.16887
0.16772
0.15357
0.13049
0.10875
0.10014
0.11247
0.14608
0.1937
0.24376
0.28542
0.31239
0.32368
0.32182
0.31028
0.29161
0.26703
0.23731
0.20432
0.17161
0.14357
0.12364
0.11277
0.10874
0.1071
0.1037
0.097231
0.089494
0.083224
0.079791
0.078557
0.077456
0.073921
0.066378
0.056041
0.047293
0.04558
0.054213
0.072404
0.095524
0.11717
0.13198
0.1375
0.13384
0.12183
0.10177
0.074058
0.040646
0.0059501
-0.023292
-0.039527
-0.037225
-0.01566
0.02048
0.063102
0.10359
0.13483
0.15239
0.15519
0.14537
0.127
0.10451
0.08195
0.062678
0.048678
0.04007
0.036051
0.036582
0.042637
0.054478
0.069933
0.084361
0.092008
0.088056
0.071217
0.045784
0.020942
0.0068139
0.0097058
0.02963
0.061014
0.095441
0.12485
0.14401
0.15158
0.14967
0.14256
0.13523
0.13264
0.13957
0.15998
0.19555
0.24399
0.29871
0.35014
0.38808
0.40431
0.39493
0.36196
0.31301
0.2589
0.21038
0.1756
0.15865
0.15884
0.17108
0.18819
0.20437
0.21731
0.22787
0.23884
0.25369
0.27404
0.29654
0.31261
0.31317
0.29428
0.25903
0.21552
0.17399
0.14354
0.12834
0.12548
0.12729
0.12634
0.11837
0.10154
0.075546
0.043267
0.012361
-0.0079815
-0.013858
-0.0095193
-0.0031752
-0.0018315
-0.010188
-0.029837
-0.055916
-0.077818
-0.087906
-0.088095
-0.084502
-0.078448
-0.06746
-0.052553
-0.03807
-0.024841
-0.0094698
0.0090412
0.027374
0.043566
0.05931
0.0749
0.086964
0.093823
0.098707
0.1045
0.10903
0.10938
0.10792
0.11001
0.11676
0.1238
0.12693
0.12672
0.12773
0.13597
0.15646
0.19014
0.2312
0.26849
0.29031
0.28844
0.26098
0.21506
0.16628
0.131
0.11701
0.12228
0.14048
0.16424
0.18455
0.19287
0.18552
0.16256
0.12321
0.068162
0.0075532
-0.041629
-0.070906
-0.08759
-0.10185
-0.11205
-0.1085
-0.085485
-0.041966
0.023899
0.10964
0.19969
0.27212
0.31549
0.33202
0.32611
0.30005
0.26183
0.22635
0.20373
0.19278
0.18923
0.19382
0.20814
0.228
0.24619
0.25959
0.2699
0.27891
0.28619
0.29023
0.28897
0.27947
0.25987
0.23329
0.20902
0.19781
0.20455
0.22419
0.2446
0.25445
0.24957
0.23281
0.2093
0.18396
0.16237
0.14899
0.14206
0.13388
0.11896
0.098231
0.07309
0.041274
0.0043481
-0.026225
-0.038729
-0.034071
-0.021687
-0.0063899
0.010785
0.021226
0.011518
-0.019259
-0.055465
-0.082263
-0.097835
-0.1045
-0.09952
-0.083623
-0.06945
-0.069765
-0.081411
-0.090383
-0.088826
-0.077552
-0.055968
-0.021958
0.017704
0.047635
0.058434
0.054946
0.048221
0.045619
0.051161
0.068723
0.09915
0.13681
0.17307
0.20226
0.22312
0.23777
0.25172
0.2715
0.29819
0.32473
0.34237
0.34797
0.34345
0.33173
0.31692
0.30488
0.29788
0.2899
0.27209
0.24241
0.20625
0.16941
0.13596
0.11226
0.10545
0.11518
0.13062
0.13855
0.13259
0.11442
0.09003
0.067151
0.053915
0.056671
0.077821
0.11507
0.162
0.20996
0.25017
0.27485
0.27804
0.25901
0.22552
0.19045
0.16263
0.14241
0.12735
0.11851
0.11781
0.12248
0.12735
0.13123
0.13566
0.13808
0.13272
0.1189
0.10306
0.091166
0.084154
0.081569
0.083786
0.08827
0.088649
0.080728
0.066078
0.047409
0.024184
-0.0042171
-0.034433
-0.062165
-0.086629
-0.10698
-0.11572
-0.10219
-0.065155
-0.018026
0.020879
0.040759
0.04093
0.027145
0.0091424
-0.003296
-0.0081365
-0.013122
-0.025159
-0.039109
-0.041613
-0.024723
0.0087938
0.051974
0.098529
0.13972
0.16321
0.16109
0.138
0.10804
0.084338
0.074323
0.082331
0.11069
0.1559
0.20762
0.25497
0.29302
0.32221
0.34426
0.36152
0.37846
0.39893
0.42044
0.43348
0.42824
0.40158
0.35789
0.30627
0.25916
0.23126
0.23369
0.26582
0.31447
0.36322
0.40135
0.42309
0.42255
0.3952
0.34407
0.2802
0.21612
0.16113
0.12166
0.1005
0.093971
0.093894
0.095098
0.097985
0.10244
0.10405
0.10022
0.096058
0.098698
0.10779
0.11694
0.12234
0.12347
0.11673
0.096198
0.062138
0.021883
-0.018687
-0.057532
-0.088953
-0.10242
-0.093929
-0.073269
-0.056243
-0.054675
-0.076506
-0.12729
-0.20257
-0.28101
-0.33301
-0.33921
-0.30018
-0.23164
-0.15583
-0.096197
-0.071117
-0.084115
-0.11852
-0.14479
-0.13658
-0.084009
0.0023499
0.096124
0.16628
0.19188
0.1733
0.13204
0.098951
0.098694
0.1389
0.20753
0.27873
0.3247
0.32826
0.28984
0.22701
0.1678
0.13916
0.15373
0.20275
0.2618
0.30552
0.31946
0.30253
0.26302
0.2142
0.17061
0.14313
0.13404
0.13694
0.14325
0.14951
0.15765
0.16993
0.18695
0.20988
0.23898
0.26802
0.28522
0.28383
0.26909
0.25192
0.23971
0.23674
0.24817
0.27622
0.31339
0.34533
0.36118
0.3575
0.3345
0.29609
0.25509
0.23048
0.23338
0.25771
0.28683
0.30542
0.30376
0.279
0.24038
0.20947
0.20631
0.23353
0.27645
0.31499
0.33103
0.30957
0.24482
0.14957
0.05295
-0.016617
-0.046396
-0.039075
-0.0047601
0.040981
0.075315
0.075156
0.03168
-0.044279
-0.13224
-0.21322
-0.2707
-0.29056
-0.26995
-0.22418
-0.17703
-0.14248
-0.11937
-0.1008
-0.081022
-0.053399
-0.011387
0.042954
0.096117
0.13365
0.15097
0.15114
0.13671
0.10906
0.07331
0.037809
0.0091074
-0.0086342
-0.010483
0.0074335
0.041569
0.080512
0.11325
0.13564
0.14731
0.14518
0.12381
0.08181
0.025603
-0.032241
-0.07571
-0.0883
-0.060222
0.002872
0.080081
0.14646
0.1838
0.18345
0.14745
0.092522
0.047397
0.036737
0.064915
0.11694
0.17243
0.21494
0.23291
0.22274
0.19477
0.16961
0.16312
0.17671
0.202
0.22876
0.245
0.23765
0.20231
0.15165
0.10791
0.086539
0.090341
0.11701
0.16384
0.22224
0.27509
0.30688
0.31519
0.30787
0.29145
0.26846
0.24418
0.22787
0.22454
0.23069
0.24037
0.25091
0.26005
0.26213
0.25258
0.23526
0.22082
0.21679
0.22172
0.22938
0.23498
0.23472
0.22337
0.19864
0.16791
0.14506
0.13895
0.14763
0.16388
0.18148
0.19514
0.2001
0.19692
0.19366
0.1989
0.21314
0.2295
0.24065
0.24141
0.22735
0.19788
0.16195
0.1353
0.12902
0.14256
0.16751
0.19273
0.20479
0.19062
0.14631
0.081992
0.014832
-0.042069
-0.083318
-0.10912
-0.1244
-0.13735
-0.15259
-0.16464
-0.16187
-0.13845
-0.10019
-0.059162
-0.026541
-0.011476
-0.020526
-0.052353
-0.094504
-0.13031
-0.14969
-0.15151
-0.13791
-0.11174
-0.079418
-0.049557
-0.024832
0.0010313
0.034192
0.071806
0.10621
0.1341
0.15532
0.16515
0.15693
0.13337
0.10808
0.093086
0.090607
0.098937
0.11862
0.14711
0.17299
0.1833
0.17483
0.15303
0.12269
0.087185
0.056349
0.045983
0.064867
0.10602
0.15364
0.19481
0.22153
0.22701
0.20846
0.17479
0.14536
0.13651
0.15017
0.17654
0.20429
0.22441
0.22829
0.21108
0.17962
0.15097
0.13912
0.14669
0.17097
0.21088
0.26233
0.31184
0.34366
0.35322
0.3484
0.33834
0.32716
0.31852
0.31809
0.32621
0.33271
0.32539
0.30228
0.27138
0.2409
0.21535
0.19886
0.19424
0.19768
0.20116
0.20241
0.207
0.21885
0.23368
0.24353
0.24328
0.23095
0.20678
0.17524
0.14511
0.12399
0.11341
0.10944
0.10661
0.10064
0.089696
0.07497
0.059542
0.045594
0.032436
0.018025
0.0026908
-0.0097233
-0.015658
-0.016186
-0.016062
-0.01871
-0.023671
-0.028754
-0.032619
-0.034614
-0.033783
-0.029326
-0.021393
-0.010816
0.00092455
0.010421
0.01218
0.0021179
-0.017965
-0.040494
-0.057352
-0.064312
-0.060482
-0.045787
-0.021342
0.0082224
0.035577
0.055899
0.071343
0.089409
0.1163
0.15162
0.18872
0.21857
0.23315
0.228
0.20507
0.17377
0.14711
0.13581
0.14569
0.17769
0.22574
0.27498
0.30712
0.31089
0.28618
0.2389
0.17604
0.10675
0.042781
-0.0062405
-0.03693
-0.051198
-0.054613
-0.056319
-0.065092
-0.081299
-0.09496
-0.094433
-0.075373
-0.040745
0.0030963
0.046727
0.077906
0.087321
0.074796
0.048296
0.018698
-0.0022799
-0.0026246
0.024913
0.076648
0.13985
0.20178
0.25552
0.29883
0.33241
0.36006
0.38555
0.40675
0.41574
0.40743
0.38617
0.36238
0.34481
0.33772
0.34231
0.35627
0.37197
0.37929
0.37257
0.354
0.32981
0.3057
0.28671
0.27729
0.27723
0.27912
0.27387
0.25834
0.23508
0.20611
0.1716
0.13497
0.10461
0.087573
0.082943
0.08362
0.083093
0.07812
0.066286
0.045498
0.017258
-0.01284
-0.039797
-0.062122
-0.078843
-0.086807
-0.083393
-0.06969
-0.04873
-0.02254
0.0068771
0.035358
0.057904
0.071808
0.077186
0.074707
0.063766
0.043715
0.017939
-0.0038254
-0.010375
0.0017667
0.025841
0.052528
0.07707
0.097842
0.1137
0.12732
0.14692
0.17885
0.21991
0.2592
0.28385
0.28131
0.24436
0.182
0.12174
0.093357
0.10829
0.15397
0.20231
0.22223
0.19357
0.1193
0.025645
-0.052859
-0.091052
-0.081666
-0.036385
0.01699
0.045285
0.028667
-0.026151
-0.091279
-0.13652
-0.14444
-0.11382
-0.057811
-0.00091456
0.031268
0.02863
0.0033152
-0.022659
-0.033428
-0.021141
0.019037
0.084671
0.15885
0.21788
0.24936
0.25776
0.25309
0.24177
0.23042
0.22926
0.24361
0.26542
0.28048
0.28341
0.27979
0.27465
0.26738
0.25916
0.25631
0.2605
0.26298
0.25562
0.24301
0.23675
0.24168
0.25488
0.27457
0.30062
0.32602
0.3361
0.32018
0.28054
0.22817
0.17385
0.12632
0.094854
0.086311
0.097966
0.11721
0.13073
0.13291
0.12632
0.11811
0.11726
0.13056
0.15671
0.18479
0.20062
0.19547
0.16952
0.13031
0.089505
0.059664
0.050901
0.068009
0.10859
0.16261
0.21491
0.25118
0.26365
0.25197
0.22053
0.17693
0.13126
0.09254
0.063563
0.041017
0.021465
0.0057521
-0.0026105
-0.0012066
0.0099081
0.028338
0.048745
0.06273
0.061865
0.043195
0.012472
-0.01868
-0.039664
-0.046258
-0.042078
-0.037584
-0.046395
-0.077459
-0.1268
-0.17698
-0.2067
-0.20277
-0.16446
-0.099388
-0.018437
0.065096
0.13628
0.18441
0.20902
0.21745
0.21636
0.20821
0.19468
0.17874
0.1624
0.14601
0.13159
0.12383
0.12578
0.13508
0.14636
0.1567
0.16739
0.18064
0.19608
0.21134
0.22438
0.23309
0.23331
0.22102
0.19783
0.17186
0.15137
0.1394
0.13636
0.14511
0.17001
0.21089
0.25973
0.30319
0.32747
0.32174
0.28112
0.21089
0.12863
0.059404
0.024769
0.033362
0.077891
0.13753
0.18501
0.1995
0.17951
0.14388
0.11841
0.1204
0.1529
0.20718
0.26617
0.30793
0.31274
0.27288
0.19891
0.117
0.05718
0.038879
0.062719
0.11308
0.16794
0.20884
0.22617
0.22001
0.19801
0.17179
0.15251
0.14669
0.15336
0.16281
0.15882
0.12687
0.065733
-0.0077088
-0.067332
-0.093261
-0.080011
-0.034439
0.027743
0.083369
0.1085
0.092469
0.046418
-0.0047807
-0.038903
-0.045035
-0.023214
0.015672
0.050631
0.061046
0.042729
0.012492
-0.0041405
0.011535
0.064372
0.14427
0.22695
0.28107
0.28381
0.2348
0.1557
0.07647
0.020594
-0.0011663
0.0098741
0.042184
0.077237
0.09796
0.09969
0.093261
0.095279
0.1148
0.14897
0.18815
0.22128
0.23805
0.23223
0.20593
0.1684
0.12857
0.090679
0.057864
0.036265
0.032775
0.050023
0.085293
0.1326
0.18329
0.22506
0.24363
0.22894
0.18205
0.11677
0.054238
0.015388
0.01515
0.057939
0.13401
0.22079
0.29142
0.32564
0.31677
0.27277
0.21179
0.15416
0.11544
0.10356
0.11746
0.1455
0.16884
0.17245
0.15505
0.12802
0.10633
0.10158
0.11938
0.15627
0.19797
0.22599
0.22982
0.21143
0.17819
0.13671
0.096026
0.069865
0.06727
0.082345
0.099943
0.11162
0.12055
0.13162
0.14406
0.15554
0.16619
0.17428
0.1735
0.15982
0.13793
0.11601
0.096133
0.074867
0.052198
0.03427
0.026001
0.025299
0.027109
0.029901
0.034741
0.040427
0.044427
0.047987
0.054641
0.061585
0.057377
0.032912
-0.0068511
-0.045497
-0.067983
-0.067082
-0.03925
0.017562
0.097391
0.18212
0.24993
0.28743
0.29101
0.26143
0.20454
0.13621
0.077385
0.040386
0.024069
0.023411
0.038115
0.068276
0.10602
0.13677
0.14888
0.14044
0.11886
0.096766
0.08731
0.098922
0.13013
0.1686
0.19739
0.20528
0.19246
0.16749
0.14126
0.12579
0.13433
0.17384
0.23326
0.28367
0.29583
0.25915
0.18528
0.098574
0.026078
-0.010262
-0.001913
0.041405
0.097617
0.14561
0.17434
0.18251
0.1743
0.15715
0.14084
0.13463
0.14274
0.16261
0.18819
0.21489
0.24027
0.26103
0.27225
0.27105
0.25852
0.23679
0.20743
0.1758
0.15376
0.15266
0.17358
0.20634
0.23609
0.24838
0.23196
0.18457
0.11799
0.054269
0.014188
0.0071857
0.027794
0.058545
0.078492
0.073434
0.040664
-0.013185
-0.075132
-0.12754
-0.15351
-0.14571
-0.10985
-0.059408
-0.0094362
0.026025
0.03789
0.028927
0.014279
0.010868
0.026461
0.059657
0.10541
0.15487
0.19278
0.20373
0.1852
0.15164
0.12449
0.11998
0.14502
0.19692
0.26185
0.31701
0.34034
0.32118
0.26298
0.17988
0.093519
0.029384
0.0082862
0.035419
0.096163
0.16308
0.20873
0.21565
0.18028
0.1135
0.039788
-0.0089318
-0.008176
0.042463
0.11586
0.17251
0.18238
0.13791
0.055388
-0.030952
-0.081707
-0.071806
-0.005439
0.087479
0.16994
0.2137
0.20428
0.14396
0.056841
-0.016131
-0.039382
-0.0051683
0.066653
0.14886
0.22261
0.27686
0.30476
0.30863
0.30284
0.30209
0.30732
0.30866
0.30026
0.28527
0.26752
0.24739
0.22752
0.21406
0.20734
0.19667
0.17095
0.13319
0.10018
0.087822
0.09967
0.12933
0.16803
0.20502
0.22506
0.21544
0.17918
0.13542
0.10192
0.080675
0.063478
0.045774
0.028813
0.013062
-0.00070752
-0.0041905
0.014705
0.056519
0.10394
0.13382
0.13114
0.090477
0.013832
-0.084467
-0.17507
-0.22584
-0.22033
-0.16333
-0.07241
0.029712
0.11718
0.16799
0.17874
0.17013
0.17093
0.19522
0.23713
0.28222
0.31571
0.32253
0.2919
0.22718
0.14649
0.072425
0.024685
0.018364
0.057574
0.12713
0.19843
0.24864
0.27162
0.27106
0.24961
0.20777
0.14952
0.085836
0.032408
0.0022502
-0.0021246
0.011069
0.030972
0.050324
0.063981
0.06685
0.056616
0.03537
0.0079296
-0.015873
-0.017803
0.019022
0.092024
0.17805
0.25223
0.29886
0.3052
0.26426
0.19253
0.12906
0.10392
0.1154
0.1441
0.17564
0.20094
0.21033
0.20315
0.19388
0.19399
0.19431
0.17866
0.14926
0.12454
0.11569
0.12054
0.13869
0.17467
0.22065
0.25057
0.24163
0.19611
0.13642
0.084713
0.052324
0.041949
0.050085
0.067142
0.081694
0.088233
0.08975
0.091794
0.09596
0.10136
0.11027
0.12641
0.14584
0.15569
0.14729
0.12724
0.10991
0.10188
0.099504
0.099522
0.10473
0.11842
0.1388
0.16124
0.18268
0.20079
0.20955
0.1993
0.16476
0.11232
0.055829
0.0057227
-0.032835
-0.051758
-0.040233
0.0012458
0.054466
0.098456
0.126
0.14014
0.14316
0.13925
0.14016
0.15346
0.16827
0.16772
0.15527
0.15384
0.17615
0.20903
0.23008
0.22827
0.20507
0.16838
0.13234
0.11417
0.12302
0.1533
0.18909
0.21113
0.20242
0.15654
0.084181
0.0085157
-0.047702
-0.072337
-0.067282
-0.045784
-0.022567
-0.0017628
0.024427
0.063561
0.112
0.15727
0.1877
0.1972
0.18395
0.14979
0.10293
0.05936
0.036892
0.043273
0.068959
0.094626
0.10778
0.11065
0.11254
0.12023
0.13796
0.16909
0.20953
0.24342
0.25332
0.23348
0.18854
0.12533
0.056249
0.0062816
0.0016782
0.046775
0.11892
0.18878
0.23976
0.26697
0.26778
0.24316
0.20559
0.17483
0.16123
0.15779
0.15213
0.14091
0.12755
0.1122
0.093982
0.08084
0.08631
0.1139
0.15308
0.19331
0.23273
0.2676
0.28327
0.26719
0.22673
0.1826
0.14614
0.11423
0.085821
0.069313
0.068543
0.07308
0.07077
0.062208
0.054819
0.049773
0.045178
0.047572
0.067317
0.10175
0.13378
0.15072
0.15582
0.15769
0.15771
0.15452
0.15244
0.15605
0.16065
0.15738
0.14566
0.1327
0.12248
0.11352
0.10742
0.11049
0.12367
0.13695
0.13863
0.12673
0.10818
0.08961
0.073131
0.058965
0.046635
0.032972
0.013416
-0.012293
-0.038044
-0.056534
-0.064003
-0.058381
-0.037172
-0.0022523
0.035235
0.060949
0.069287
0.065523
0.056855
0.047046
0.040326
0.043368
0.059599
0.086163
0.11929
0.15737
0.19519
0.22143
0.2283
0.22058
0.20928
0.19958
0.19066
0.18347
0.18031
0.17737
0.16634
0.14512
0.12109
0.10205
0.090206
0.087395
0.099447
0.12943
0.16977
0.20711
0.23446
0.25406
0.26921
0.27902
0.28272
0.2829
0.27965
0.2656
0.23359
0.18815
0.14334
0.10905
0.08602
0.07463
0.079601
0.10109
0.12843
0.14998
0.16476
0.17724
0.18513
0.18112
0.16545
0.14717
0.13232
0.11916
0.10735
0.10365
0.11291
0.12952
0.1442
0.15504
0.1647
0.16975
0.16288
0.14571
0.12993
0.12282
0.12069
0.12049
0.12816
0.14828
0.17335
0.19202
0.20147
0.20273
0.18996
0.1566
0.10974
0.066509
0.035513
0.012048
-0.0077286
-0.019444
-0.020604
-0.016348
-0.0083299
0.012226
0.050716
0.095115
0.12586
0.13546
0.12887
0.10915
0.075321
0.033429
-0.0034755
-0.030007
-0.052818
-0.075296
-0.086995
-0.075673
-0.043329
-0.0021202
0.04047
0.082313
0.11557
0.12789
0.1179
0.099828
0.088072
0.084702
0.086998
0.098256
0.12186
0.14994
0.16869
0.17409
0.17388
0.17444
0.17504
0.17658
0.18631
0.20741
0.23021
0.24059
0.23427
0.21693
0.19335
0.16446
0.13553
0.11906
0.12455
0.14927
0.18306
0.21876
0.25237
0.27599
0.27924
0.25981
0.22712
0.19345
0.16679
0.15358
0.16016
0.18477
0.21267
0.22669
0.22136
0.20248
0.17688
0.14997
0.13039
0.12703
0.13864
0.15296
0.15863
0.15327
0.13997
0.12298
0.10936
0.10705
0.11649
0.12874
0.1359
0.13887
0.14117
0.1401
0.12952
0.10815
0.079633
0.046775
0.012098
-0.01682
-0.029175
-0.020146
0.0058242
0.041903
0.083813
0.12549
0.15562
0.16457
0.15332
0.13103
0.10511
0.078788
0.057395
0.050642
0.064673
0.094819
0.12927
0.15773
0.17351
0.17079
0.14739
0.11214
0.083275
0.074511
0.08444
0.10163
0.11596
0.12099
0.11016
0.079877
0.037836
0.0019538
-0.012081
0.00072481
0.038191
0.095097
0.15881
0.20713
0.22034
0.19686
0.15279
0.10732
0.073588
0.060996
0.075721
0.11353
0.15821
0.19363
0.21564
0.229
0.23665
0.23735
0.23058
0.21641
0.19084
0.14905
0.095829
0.047188
0.018431
0.013987
0.030416
0.063076
0.10494
0.14354
0.16661
0.17071
0.1607
0.14212
0.11925
0.09926
0.090724
0.095147
0.10477
0.1119
0.11675
0.12379
0.13504
0.15085
0.17245
0.19766
0.21667
0.21858
0.20165
0.17248
0.13674
0.097157
0.06004
0.035951
0.030135
0.03749
0.051167
0.07253
0.10851
0.16218
0.22984
0.30297
0.36661
0.39864
0.38162
0.31963
0.23876
0.16789
0.12147
0.09966
0.09601
0.098724
0.090542
0.058292
0.0052116
-0.050436
-0.08967
-0.10231
-0.084531
-0.036947
0.029043
0.08955
0.12283
0.12685
0.11743
0.10988
0.10814
0.11078
0.11714
0.1226
0.1165
0.093463
0.062845
0.039736
0.030668
0.036565
0.064429
0.1213
0.19444
0.25052
0.26054
0.21706
0.12413
-0.013349
-0.176
-0.31615
-0.37772
-0.33247
-0.1888
0.027277
0.28133
0.52329
0.69754
0.77623
0.77399
0.72261
0.64365
0.55396
0.47936
0.4378
0.41136
0.35614
0.24621
0.096033
-0.061215
-0.20014
-0.30193
-0.34625
-0.32213
-0.24143
-0.1299
-0.010145
0.097671
0.16764
0.1787
0.13549
0.067552
0.0041446
-0.043679
-0.075682
-0.087426
-0.069149
-0.015475
0.068428
0.16766
0.26153
0.33128
0.37022
0.38672
0.39585
0.41152
0.44851
0.52227
0.63198
0.74142
0.78829
0.72342
0.54375
0.29189
0.033915
-0.16112
-0.23939
-0.18678
-0.045253
0.10264
0.17628
0.13349
-0.019363
-0.23613
-0.44855
-0.59461
-0.64946
-0.63224
-0.57761
-0.50129
-0.39802
-0.26787
-0.13145
-0.015662
0.065494
0.10872
0.10697
0.049509
-0.059526
-0.18744
-0.28294
-0.30267
-0.23261
-0.091741
0.077754
0.22695
0.31991
0.34878
0.33146
0.29347
0.25365
0.22499
0.21859
0.23848
0.27658
0.3205
0.36544
0.41444
0.46968
0.5303
0.59831
0.67853
0.76532
0.83032
0.83055
0.73635
0.55519
0.32993
0.11588
-0.041082
-0.11384
-0.096997
-0.0085177
0.11461
0.22726
0.28612
0.26009
0.14924
0.00095958
-0.10748
-0.12059
-0.042719
0.077144
0.19024
0.27212
0.31751
0.33445
0.3461
0.38242
0.46113
0.57951
0.7208
0.85772
0.95154
0.96333
0.87566
0.70094
0.47137
0.22997
0.028101
-0.08915
-0.1102
-0.066604
-0.010393
0.014376
-0.019598
-0.12244
-0.2797
-0.45321
-0.60405
-0.7149
-0.78596
-0.8221
-0.83846
-0.86691
-0.93133
-1.013
-1.0587
-1.0275
-0.91741
-0.74764
-0.53859
-0.31937
-0.1311
0.00064873
0.089399
0.16727
0.247
0.31913
0.37941
0.43779
0.49971
0.55788
0.60814
0.65736
0.70764
0.7466
0.76402
0.76611
0.75988
0.73328
0.66935
0.57823
0.4971
0.45242
0.43213
0.39768
0.31254
0.1582
-0.05847
-0.29675
-0.48789
-0.56846
-0.51795
-0.36607
-0.16957
0.013185
0.13502
0.16983
0.12439
0.038753
-0.034154
-0.055064
-0.0099808
0.094467
0.23686
0.38346
0.49877
0.56684
0.60285
0.6371
0.68427
0.7285
0.73569
0.67673
0.54392
0.35723
0.16051
0.0053348
-0.071419
-0.059207
0.030962
0.17335
0.32663
0.43839
0.46701
0.40613
0.28675
0.15701
0.060256
0.023502
0.053711
0.13953
0.25902
0.38764
0.5007
0.57577
0.60163
0.5858
0.54804
0.50435
0.45909
0.41097
0.36019
0.30661
0.24567
0.17247
0.090081
0.0093158
-0.061316
-0.12288
-0.18348
-0.25267
-0.33896
-0.44581
-0.56419
-0.67212
-0.74694
-0.7776
-0.76401
-0.71151
-0.63481
-0.56358
-0.53032
-0.5454
-0.58741
-0.62124
-0.62344
-0.59067
-0.53248
-0.46467
-0.40708
-0.37694
-0.37646
-0.38752
-0.38156
-0.33407
-0.22979
-0.062161
0.16046
0.40692
0.63205
0.80138
0.90562
0.95162
0.94932
0.91399
0.8712
0.84389
0.83322
0.82097
0.79226
0.74939
0.7038
0.66518
0.64353
0.6521
0.69648
0.75983
0.8052
0.79548
0.71234
0.56211
0.37224
0.18296
0.032813
-0.057713
-0.091492
-0.084011
-0.049861
-0.0012858
0.045469
0.071294
0.064696
0.027748
-0.029805
-0.098722
-0.17075
-0.23482
-0.27711
-0.28534
-0.25335
-0.18383
-0.088273
0.016945
0.11516
0.19115
0.23256
0.23494
0.20578
0.15921
0.10494
0.044208
-0.023301
-0.091224
-0.14592
-0.17202
-0.15909
-0.10683
-0.026292
0.065312
0.15232
0.22342
0.2703
0.29079
0.29728
0.31761
0.38026
0.49467
0.64486
0.79954
0.92649
1
1.0016
0.92101
0.75969
0.53477
0.27572
0.014964
-0.2194
-0.40315
-0.51416
-0.5383
-0.47979
-0.36419
-0.23061
-0.11973
-0.062255
-0.068662
-0.12615
-0.20879
-0.29279
-0.36173
-0.40223
-0.40493
-0.37397
-0.3291
-0.29162
-0.26711
-0.24258
-0.19871
-0.12501
-0.027716
0.072121
0.14767
0.17703
0.15067
0.074665
-0.02991
-0.13207
-0.20016
-0.21066
-0.15277
-0.030808
0.13262
0.29719
0.41655
0.45795
0.41645
0.31456
0.19132
0.087814
0.031502
0.024078
0.043412
0.061565
0.062688
0.044859
0.012098
-0.026038
-0.047336
-0.019981
0.078197
0.24164
0.43735
0.62004
0.74893
0.80147
0.78265
0.72314
0.66313
0.63355
0.64912
0.71124
0.80817
0.91224
0.98601
1.0002
0.9501
0.85623
0.75175
0.66528
0.60608
0.55664
0.47947
0.33934
0.12793
-0.12662
-0.37096
-0.54961
-0.62672
-0.59865
-0.49368
-0.35986
-0.24707
-0.19081
-0.20148
-0.26171
-0.33463
-0.3824
-0.3854
-0.35038
-0.30405
-0.27762
-0.28994
-0.33638
-0.38948
-0.41219
-0.37598
-0.27331
-0.11932
0.054241
0.20866
0.31005
0.34193
0.313
0.25374
0.20247
0.18867
0.22153
0.28685
0.35228
0.38091
0.35028
0.26728
0.1684
0.10305
0.11013
0.2003
0.35111
0.51576
0.64317
0.70041
0.68324
0.60854
0.49789
0.36695
0.2242
0.072944
-0.086706
-0.25358
-0.41992
-0.56911
-0.67861
-0.72563
-0.69399
-0.58288
-0.41369
-0.22761
-0.0713
0.020926
0.038194
-0.005167
-0.074536
-0.12652
-0.12639
-0.062584
0.052478
0.19312
0.33058
0.43796
0.49635
0.50409
0.47965
0.45153
0.44176
0.45433
0.47328
0.4706
0.42257
0.3263
0.20351
0.087315
0.0044255
-0.032537
-0.022706
0.025298
0.093131
0.15724
0.20037
0.22112
0.23302
0.25467
0.29777
0.35875
0.41864
0.45428
0.45458
0.4287
0.40001
0.39326
0.42389
0.49081
0.57307
0.63494
0.64119
0.57412
0.44144
0.27232
0.10549
-0.025599
-0.10484
-0.13689
-0.1407
-0.13858
-0.14664
-0.16845
-0.1933
-0.20136
-0.17531
-0.11147
-0.02167
0.075311
0.16502
0.24224
0.30754
0.3607
0.39695
0.40932
0.39488
0.3585
0.3092
0.25268
0.18824
0.11193
0.020074
-0.089723
-0.21609
-0.34907
-0.46936
-0.55522
-0.59146
-0.5747
-0.51487
-0.43288
-0.3522
-0.28743
-0.2388
-0.19684
-0.15046
-0.091373
-0.015318
0.075693
0.17179
0.2586
0.32484
0.36767
0.3915
0.40355
0.41136
0.42248
0.44212
0.46799
0.48803
0.48605
0.45139
0.38474
0.29669
0.20285
0.11912
0.056829
0.018406
-0.0030598
-0.018954
-0.039335
-0.070085
-0.11102
-0.1529
-0.17839
-0.17199
-0.13283
-0.077784
-0.031442
-0.013038
-0.029454
-0.073625
-0.12488
-0.1538
-0.13497
-0.061647
0.049293
0.16617
0.25734
0.30322
0.30397
0.28214
0.27453
0.31197
0.39958
0.51469
0.62204
0.69056
0.70259
0.6594
0.58441
0.51486
0.48087
0.48863
0.52236
0.55847
0.57638
0.564
0.52332
0.47165
0.43039
0.40818
0.39606
0.37823
0.34382
0.28917
0.21637
0.1347
0.058966
-0.00030056
-0.045803
-0.089484
-0.13972
-0.19457
-0.24505
-0.27919
-0.28253
-0.24284
-0.16155
-0.060372
0.027445
0.075177
0.075147
0.039742
-0.0049854
-0.030113
-0.017771
0.028951
0.089123
0.13789
0.15811
0.14209
0.089116
0.0056897
-0.094171
-0.1942
-0.2845
-0.36484
-0.43918
-0.50649
-0.55609
-0.57104
-0.53717
-0.45242
-0.33123
-0.20111
-0.09215
-0.024205
0.0017172
0.0033952
0.0089814
0.044237
0.12064
0.22951
0.34547
0.43779
0.48339
0.47558
0.42659
0.36388
0.32034
0.32102
0.37256
0.46051
0.555
0.62247
0.64071
0.60983
0.5505
0.48921
0.44235
0.41089
0.38553
0.35444
0.30922
0.24837
0.17732
0.10459
0.037533
-0.019195
-0.063086
-0.093801
-0.11373
-0.12754
-0.14011
-0.15397
-0.16805
-0.17948
-0.18689
-0.19184
-0.19713
-0.2043
-0.21169
-0.21202
-0.19117
-0.13285
-0.029505
0.10944
0.25986
0.39359
0.4895
0.54071
0.55747
0.56401
0.58769
0.64499
0.73256
0.82805
0.89918
0.91648
0.86526
0.75212
0.60238
0.44865
0.31658
0.2162
0.14273
0.083801
0.026546
-0.037316
-0.10745
-0.17349
-0.21993
-0.23565
-0.22
-0.18078
-0.12818
-0.07108
-0.01617
0.032725
0.075087
0.11165
0.14039
0.15422
0.14285
0.097974
0.018978
-0.083955
-0.19113
-0.27931
-0.33028
-0.33761
-0.30718
-0.25107
-0.18088
-0.1064
-0.038375
0.0115
0.034944
0.03074
0.0044319
-0.03297
-0.065898
-0.078795
-0.065333
-0.034627
-0.0072668
-0.004136
-0.035952
-0.096769
-0.1618
-0.19375
-0.16057
-0.055541
0.096352
0.25071
0.36328
0.40513
0.37238
0.28993
0.20239
0.15129
0.15369
0.19892
0.26209
0.31981
0.35938
0.38236
0.40245
0.43526
0.48452
0.53673
0.56951
0.5649
0.5168
0.43174
0.32754
0.22888
0.15661
0.11635
0.096996
0.08109
0.056633
0.022288
-0.012764
-0.031507
-0.016158
0.040701
0.12846
0.221
0.28751
0.30519
0.26958
0.19877
0.12691
0.087524
0.09665
0.14697
0.21448
0.27068
0.29373
0.27633
0.22828
0.17125
0.12718
0.1063
0.10183
0.093455
0.057784
-0.018404
-0.12732
-0.23825
-0.30816
-0.30067
-0.20389
-0.038667
0.14602
0.28997
0.34617
0.30157
0.18199
0.038434
-0.075441
-0.12335
-0.097652
-0.019528
0.072876
0.14343
0.17396
0.16947
0.15293
0.15384
0.19394
0.27551
0.37885
0.47121
0.52076
0.50768
0.42983
0.30328
0.15714
0.023435
-0.072882
-0.11881
-0.11328
-0.064541
0.014014
0.10779
0.20244
0.28365
0.33871
0.36051
0.34999
0.31443
0.26327
0.20542
0.14888
0.1001
0.061168
0.027082
-0.011622
-0.061675
-0.12279
-0.18993
-0.25697
-0.3174
-0.36517
-0.39762
-0.41511
-0.41524
-0.38944
-0.32856
-0.23139
-0.10656
0.032034
0.16871
0.28718
0.37498
0.43102
0.46763
0.50185
0.54265
0.58474
0.61145
0.60222
0.5418
0.43051
0.28971
0.15463
0.05677
0.0094698
0.006497
0.030232
0.060249
0.079248
0.077996
0.058278
0.030837
0.0091168
0.0035511
0.019211
0.055357
0.10497
0.1557
0.19457
0.21442
0.21614
0.20538
0.18885
0.1737
0.16681
0.17091
0.18175
0.19066
0.18981
0.1751
0.1467
0.10941
0.073215
0.051563
0.057229
0.097167
0.16891
0.26021
0.35194
0.42344
0.45928
0.45503
0.41836
0.36472
0.31061
0.26776
0.23925
0.21918
0.197
0.16367
0.11531
0.054146
-0.010908
-0.065806
-0.097451
-0.10144
-0.084774
-0.061684
-0.046384
-0.046773
-0.060558
-0.075642
-0.076563
-0.054765
-0.015819
0.022577
0.041052
0.029817
-0.0068738
-0.053797
-0.091095
-0.10114
-0.075276
-0.017424
0.059209
0.1396
0.21182
0.26786
0.30429
0.3235
0.33195
0.33514
0.33336
0.32114
0.28971
0.23204
0.14895
0.05298
-0.032851
-0.081096
-0.069556
0.007617
0.13348
0.27258
0.38436
0.43823
0.42421
0.35694
0.27017
0.20172
0.17607
0.1951
0.24069
0.2847
0.30051
0.27254
0.20173
0.1039
0.00049776
-0.092575
-0.1699
-0.23395
-0.29078
-0.34743
-0.40756
-0.46547
-0.50552
-0.51003
-0.4676
-0.37531
-0.23845
-0.071688
0.10272
0.26302
0.39521
0.49247
0.55121
0.57201
0.5633
0.53952
0.51386
0.49381
0.48283
0.48207
0.48853
0.4945
0.49261
0.48119
0.46273
0.43854
0.40714
0.36659
0.31441
0.24595
0.15798
0.056183
-0.043566
-0.12388
-0.17446
-0.19192
-0.17587
-0.13016
-0.066482
-0.0016148
0.051516
0.089021
0.11406
0.13322
0.15377
0.17816
0.19827
0.19854
0.16878
0.11343
0.048032
-0.011096
-0.053537
-0.076718
-0.086249
-0.09326
-0.10691
-0.12722
-0.14541
-0.15091
-0.13827
-0.10964
-0.073572
-0.041004
-0.018617
-0.0027692
0.020057
0.064818
0.13742
0.22983
0.32324
0.39628
0.43368
0.43233
0.40278
0.36494
0.33898
0.33525
0.34913
0.36394
0.35962
0.32276
0.25452
0.17344
0.10971
0.090973
0.12775
0.20845
0.30588
0.38864
0.4317
0.42457
0.37483
0.30339
0.23313
0.17896
0.1449
0.12568
0.10904
0.079691
0.026538
-0.051186
-0.1439
-0.23619
-0.31099
-0.35271
-0.35192
-0.3099
-0.23827
-0.15336
-0.070506
-0.0017663
0.044833
0.066436
0.065979
0.051035
0.032128
0.021541
0.031102
0.06781
0.1297
0.20555
0.27901
0.33462
0.3633
0.36541
0.35034
0.33196
0.32193
0.32376
0.33052
0.32799
0.30214
0.24703
0.16868
0.083408
0.011719
-0.030016
-0.037175
-0.019216
0.0059063
0.021685
0.01998
0.0013281
-0.028378
-0.060924
-0.088338
-0.10558
-0.11117
-0.10442
-0.082628
-0.042398
0.017021
0.093269
0.18244
0.27794
0.36755
0.4351
0.46756
0.46048
0.41731
0.34691
0.26321
0.18402
0.12534
0.095245
0.093183
0.11345
0.14804
0.18769
0.2242
0.25346
0.27568
0.29218
0.3028
0.30627
0.30103
0.28449
0.2528
0.20374
0.14036
0.071928
0.011977
-0.024945
-0.028225
0.0026788
0.055672
0.11098
0.15022
0.16296
0.14879
0.11684
0.082091
0.057446
0.046707
0.044942
0.04508
0.043549
0.041782
0.045952
0.065507
0.10811
0.17257
0.24631
0.31056
0.34832
0.34888
0.30948
0.23707
0.14807
0.062788
-0.0034027
-0.04496
-0.064951
-0.071464
-0.074133
-0.079886
-0.089412
-0.098781
-0.10575
-0.11366
-0.12826
-0.15146
-0.17889
-0.20194
-0.21081
-0.197
-0.15638
-0.091988
-0.013539
0.066703
0.13826
0.19428
0.23169
0.25095
0.25464
0.2447
0.22161
0.18762
0.15096
0.12507
0.1221
0.14602
0.19048
0.24205
0.28695
0.31843
0.34076
0.36595
0.40472
0.45859
0.51862
0.56979
0.5976
0.59383
0.5588
0.49846
0.41904
0.32496
0.22243
0.12322
0.042774
-0.005983
-0.0172
0.0065123
0.053484
0.10472
0.14162
0.15581
0.15146
0.13905
0.129
0.12958
0.14389
0.16516
0.17837
0.17056
0.13938
0.091459
0.036421
-0.014799
-0.049979
-0.060648
-0.04898
-0.028034
-0.015292
-0.026664
-0.072972
-0.15524
-0.25997
-0.36128
-0.43138
-0.45143
-0.4162
-0.33374
-0.22327
-0.11008
-0.016488
0.046322
0.079833
0.093728
0.10057
0.11195
0.13532
0.17194
0.21773
0.26647
0.31212
0.34979
0.37672
0.39354
0.40373
0.41109
0.41763
0.42372
0.42887
0.43137
0.42761
0.41333
0.38627
0.34721
0.29897
0.24586
0.19398
0.14983
0.11716
0.096242
0.086526
0.087997
0.098418
0.11101
0.11718
0.11143
0.092948
0.064073
0.029741
-0.0019579
-0.022083
-0.026079
-0.016468
8.7161e-05
0.01724
0.030074
0.034367
0.027962
0.01317
-0.0037567
-0.015588
-0.015784
0.0011056
0.037109
0.087497
0.14142
0.18752
0.21942
0.23707
0.24545
0.25348
0.27169
0.30721
0.35798
0.41111
0.44635
0.44293
0.38739
0.28099
0.14292
0.0057066
-0.09574
-0.13623
-0.10907
-0.02952
0.069557
0.15084
0.18915
0.1816
0.14635
0.11248
0.10661
0.14069
0.20544
0.27377
0.31291
0.29772
0.21951
0.089716
-0.061338
-0.19328
-0.27151
-0.28164
-0.23361
-0.15529
-0.081181
-0.039858
-0.042165
-0.076312
-0.1153
-0.13251
-0.11384
-0.060437
0.014479
0.090308
0.14637
0.17149
0.16924
0.15372
0.14041
0.14015
0.15772
0.19165
0.23547
0.28234
0.32966
0.37791
0.4249
0.46341
0.48498
0.48525
0.46592
0.4342
0.40134
0.37848
0.36996
0.36884
0.36012
0.32977
0.27316
0.19818
0.12209
0.063167
0.030418
0.017744
0.0075733
-0.018017
-0.066503
-0.13077
-0.19257
-0.23101
-0.2329
-0.20003
-0.14901
-0.10254
-0.077454
-0.076459
-0.087249
-0.088856
-0.063065
-0.0060756
0.066954
0.12907
0.15641
0.14098
0.094639
0.044238
0.020466
0.044043
0.11507
0.2124
0.30431
0.36379
0.3801
0.36173
0.33062
0.31017
0.31299
0.33496
0.35843
0.36151
0.32835
0.25709
0.16294
0.073393
0.015594
0.0017314
0.021704
0.048454
0.053414
0.023275
-0.031651
-0.082915
-0.10062
-0.071124
-0.0044074
0.072511
0.13039
0.15143
0.13594
0.10032
0.068142
0.058603
0.078657
0.12224
0.17525
0.22273
0.25526
0.27178
0.27771
0.28023
0.28551
0.29852
0.3225
0.35638
0.39321
0.42248
0.43481
0.42533
0.39511
0.35127
0.30493
0.26586
0.2368
0.21216
0.18218
0.13894
0.080951
0.015048
-0.045821
-0.089459
-0.11203
-0.12003
-0.12482
-0.13455
-0.14964
-0.16383
-0.16951
-0.16386
-0.1514
-0.14051
-0.13681
-0.13974
-0.144
-0.14309
-0.1318
-0.10818
-0.075067
-0.039248
-0.0081527
0.013147
0.022412
0.019777
0.0086537
-0.0031893
-0.0056456
0.0087031
0.041072
0.087604
0.14257
0.19954
0.25098
0.28955
0.31038
0.31117
0.29097
0.25225
0.2056
0.16956
0.16188
0.18937
0.24547
0.31507
0.37984
0.42225
0.43114
0.40708
0.3616
0.30959
0.26253
0.22743
0.20692
0.19665
0.1846
0.15843
0.11548
0.065407
0.024137
0.0065973
0.021788
0.068778
0.1351
0.20147
0.25057
0.27241
0.26417
0.22898
0.17598
0.11943
0.075336
0.057593
0.074594
0.12622
0.20252
0.28597
0.35641
0.39636
0.39603
0.35718
0.29339
0.22463
0.16938
0.13932
0.1375
0.15798
0.187
0.2085
0.21254
0.20042
0.18254
0.17145
0.1745
0.18845
0.19854
0.18472
0.13274
0.042595
-0.071441
-0.18716
-0.28221
-0.341
-0.35952
-0.34558
-0.31308
-0.27393
-0.2328
-0.18753
-0.13453
-0.075168
-0.018127
0.024328
0.042936
0.035749
0.0087635
-0.025667
-0.052225
-0.058086
-0.038261
0.0025368
0.052066
0.094492
0.11482
0.10436
0.066104
0.01577
-0.024489
-0.036558
-0.013916
0.037572
0.10373
0.16778
0.21654
0.24581
0.26112
0.27268
0.28902
0.31508
0.35343
0.40304
0.45508
0.49297
0.50034
0.47028
0.40821
0.32925
0.25499
0.2082
0.20266
0.23432
0.28334
0.32576
0.34359
0.32774
0.27864
0.20773
0.13546
0.082841
0.062213
0.073889
0.10822
0.14884
0.17654
0.17602
0.14355
0.089132
0.030331
-0.017132
-0.044618
-0.050491
-0.038877
-0.018532
0.0011503
0.016755
0.033901
0.062663
0.10951
0.17281
0.24354
0.30817
0.35178
0.36247
0.33729
0.28579
0.22673
0.17909
0.15405
0.15301
0.1697
0.19217
0.20567
0.19907
0.17109
0.12919
0.081905
0.034007
-0.011058
-0.04758
-0.069269
-0.073314
-0.060725
-0.033852
0.0035762
0.043718
0.075045
0.088365
0.082707
0.064688
0.043289
0.026728
0.022045
0.031772
0.048012
0.053497
0.033817
-0.010307
-0.063997
-0.10977
-0.13619
-0.13853
-0.11804
-0.08274
-0.044559
-0.011222
0.018242
0.048588
0.080906
0.11206
0.13919
0.1612
0.17678
0.18468
0.18711
0.18982
0.19736
0.20922
0.2215
0.23096
0.2365
0.23808
0.23609
0.23184
0.22695
0.22107
0.21081
0.19231
0.1659
0.13813
0.1188
0.11592
0.13265
0.16711
0.21308
0.26056
0.29762
0.31416
0.30585
0.27605
0.23479
0.19567
0.17121
0.16719
0.17927
0.19525
0.20318
0.19881
0.18653
0.17438
0.16875
0.17173
0.18029
0.18658
0.18064
0.15574
0.11268
0.059743
0.0084593
-0.031471
-0.054825
-0.060893
-0.052487
-0.034687
-0.012831
0.0096915
0.031674
0.052064
0.068893
0.081478
0.092938
0.1085
0.13072
0.1575
0.18502
0.21072
0.23274
0.24881
0.25843
0.26539
0.27564
0.29182
0.31106
0.3272
0.33285
0.31971
0.28105
0.2171
0.13763
0.057955
-0.0076969
-0.050269
-0.067632
-0.065752
-0.057036
-0.053681
-0.060277
-0.072489
-0.082294
-0.083614
-0.074044
-0.054381
-0.028488
-0.0025865
0.0173
0.027747
0.028022
0.019449
0.0062219
-0.004223
-0.0042664
0.0095267
0.035871
0.072221
0.11681
0.16663
0.21546
0.25548
0.28037
0.28652
0.27334
0.24508
0.21157
0.18427
0.1703
0.17087
0.1845
0.20907
0.24007
0.26945
0.28862
0.29186
0.27667
0.24359
0.19876
0.15507
0.12638
0.11829
0.12478
0.13321
0.13144
0.11192
0.07434
0.027391
-0.014116
-0.038009
-0.042462
-0.035153
-0.025603
-0.018943
-0.015042
-0.010022
0.0023598
0.02776
0.06664
0.11288
0.15844
0.19868
0.23193
0.2553
0.26449
0.25858
0.24291
0.22653
0.21803
0.22336
0.24335
0.2705
0.28969
0.28542
0.25016
0.18714
0.10816
0.030106
-0.029207
-0.057492
-0.053946
-0.029448
0.00019371
0.02317
0.037043
0.048261
0.066871
0.099215
0.14243
0.18441
0.2099
0.20914
0.18346
0.14468
0.10944
0.092335
0.10113
0.13455
0.18263
0.23022
0.26314
0.2735
0.261
0.23122
0.19405
0.16166
0.1445
0.14674
0.16518
0.19135
0.21383
0.22075
0.20439
0.16566
0.11349
0.059922
0.016253
-0.0079516
-0.0067568
0.01859
0.058658
0.099511
0.12804
0.13611
0.12352
0.099052
0.077246
0.071378
0.086914
0.11886
0.15343
0.1734
0.16555
0.12674
0.065157
-0.0031243
-0.059375
-0.087926
-0.081877
-0.0463
0.0039961
0.050907
0.079406
0.082275
0.064027
0.041468
0.036337
0.062336
0.11664
0.18213
0.23603
0.25836
0.2394
0.18591
0.12078
0.072224
0.058949
0.082008
0.12639
0.16812
0.18402
0.16272
0.11151
0.052931
0.01229
0.00534
0.032767
0.081531
0.13065
0.16005
0.1597
0.13397
0.098479
0.072045
0.068735
0.092651
0.13644
0.18462
0.22113
0.23691
0.23295
0.21822
0.20487
0.20229
0.21192
0.2262
0.23381
0.22745
0.20829
0.18442
0.16589
0.15984
0.16728
0.18296
0.19838
0.20639
0.2041
0.19305
0.17744
0.16168
0.14861
0.13862
0.13013
0.12077
0.10907
0.095926
0.084661
0.079329
0.082416
0.093585
0.10995
0.12749
0.14288
0.15485
0.164
0.17107
0.17523
0.17365
0.16291
0.14142
0.11191
0.082208
0.062911
0.062238
0.080919
0.11076
0.1383
0.1517
0.14688
0.12908
0.10882
0.094835
0.088836
0.085304
0.075767
0.054687
0.023609
-0.008819
-0.031121
-0.034718
-0.017397
0.016721
0.05913
0.0994
0.12842
0.14217
0.14358
0.14045
0.14095
0.1499
0.16696
0.1858
0.19571
0.18729
0.15948
0.12171
0.089066
0.074986
0.086026
0.11883
0.15984
0.1905
0.19682
0.17628
0.13755
0.095852
0.067735
0.064615
0.085693
0.11627
0.13577
0.13032
0.10063
0.061337
0.034048
0.036789
0.073009
0.12648
0.16789
0.17055
0.12476
0.042285
-0.048964
-0.11575
-0.13226
-0.091242
-0.0075787
0.089265
0.16937
0.21367
0.218
0.19189
0.15484
0.1293
0.13125
0.16301
0.21263
0.25949
0.28265
0.26941
0.22181
0.15762
0.10284
0.078613
0.090545
0.12728
0.16749
0.18987
0.18194
0.14521
0.094797
0.052561
0.037277
0.057479
0.10975
0.18119
0.25401
0.31116
0.34128
0.34104
0.31461
0.27179
0.22543
0.18811
0.16878
0.17073
0.19114
0.22155
0.24968
0.26387
0.25874
0.23763
0.20976
0.18492
0.16939
0.1638
0.1623
0.15453
0.13149
0.091438
0.040952
-0.009112
-0.048424
-0.070544
-0.075624
-0.071308
-0.068663
-0.074331
-0.085568
-0.092446
-0.084172
-0.054445
-0.0044728
0.05634
0.1135
0.1541
0.17263
0.17222
0.16201
0.15294
0.15246
0.16043
0.17024
0.1751
0.17294
0.16524
0.15325
0.13732
0.11862
0.099929
0.085847
0.083435
0.10004
0.1365
0.18194
0.2179
0.22892
0.21038
0.16936
0.12213
0.089418
0.087608
0.11878
0.16821
0.21255
0.23126
0.21339
0.15959
0.082411
0.0031811
-0.056529
-0.084254
-0.079711
-0.051393
-0.012087
0.024483
0.048158
0.057273
0.058874
0.062636
0.074354
0.094492
0.11987
0.14429
0.15924
0.15791
0.13985
0.11081
0.077977
0.04639
0.018948
-0.0031796
-0.020736
-0.034439
-0.041051
-0.032751
-0.0024622
0.049618
0.11442
0.17774
0.22593
0.25132
0.25621
0.25292
0.25761
0.28091
0.32135
0.36608
0.39745
0.40136
0.37388
0.3247
0.27478
0.24685
0.25247
0.28504
0.32399
0.34613
0.33568
0.28979
0.22013
0.1493
0.10071
0.086911
0.10481
0.13979
0.17306
0.18758
0.17362
0.13364
0.081568
0.03489
0.0056046
-0.0030573
0.0048267
0.019891
0.030318
0.027748
0.013334
-0.0020948
-0.0045618
0.015215
0.057036
0.11012
0.15635
0.17853
0.16971
0.13652
0.094717
0.062276
0.053901
0.07558
0.11998
0.16839
0.20069
0.20524
0.18138
0.13677
0.084855
0.040822
0.014213
0.0043995
0.0050403
0.011853
0.023551
0.037284
0.048361
0.05542
0.062222
0.073108
0.089414
0.11056
0.13408
0.1523
0.15332
0.13022
0.088991
0.045266
0.014549
0.0062806
0.022887
0.058852
0.10132
0.13659
0.15792
0.16584
0.1628
0.15124
0.13635
0.12551
0.12236
0.12323
0.11977
0.10357
0.069357
0.018897
-0.035477
-0.073598
-0.077688
-0.042154
0.024363
0.10367
0.17493
0.22224
0.24154
0.24189
0.23801
0.23978
0.24767
0.25588
0.25702
0.2446
0.21558
0.17377
0.12985
0.096181
0.08132
0.088546
0.11578
0.15393
0.18749
0.20193
0.19302
0.16893
0.14376
0.12949
0.13159
0.14744
0.16762
0.18168
0.18594
0.18615
0.19207
0.20929
0.23543
0.26231
0.28089
0.28529
0.27487
0.25383
0.22852
0.20317
0.17743
0.14802
0.11341
0.077487
0.049633
0.041224
0.059794
0.10257
0.1536
0.18909
0.19003
0.15348
0.094314
0.037297
0.0061309
0.014862
0.062994
0.13504
0.20581
0.25018
0.25238
0.21109
0.13988
0.063259
0.0076816
-0.010477
0.0068897
0.041628
0.070183
0.075491
0.053616
0.014287
-0.023275
-0.038556
-0.019991
0.028014
0.086531
0.13179
0.14677
0.12759
0.082917
0.028772
-0.017865
-0.044812
-0.047808
-0.029603
0.0032183
0.042378
0.078871
0.10536
0.11965
0.12547
0.12908
0.135
0.14445
0.15674
0.171
0.18614
0.19933
0.20582
0.20201
0.18871
0.17065
0.15346
0.14212
0.14032
0.14835
0.16078
0.16854
0.16459
0.14782
0.12296
0.09845
0.083165
0.081088
0.087172
0.090119
0.081245
0.061116
0.038541
0.024836
0.028057
0.048452
0.076516
0.096693
0.095574
0.068563
0.021821
-0.028696
-0.061465
-0.059478
-0.021351
0.03781
0.097651
0.14393
0.17126
0.18213
0.18763
0.20422
0.24239
0.29714
0.35152
0.38895
0.40109
0.38863
0.36108
0.33544
0.32821
0.34372
0.37101
0.39269
0.39538
0.37266
0.32416
0.25768
0.19093
0.14543
0.1341
0.15311
0.18427
0.20457
0.19672
0.15762
0.10135
0.052295
0.029394
0.032599
0.042986
0.036383
-0.0005835
-0.062304
-0.12653
-0.16459
-0.15515
-0.095428
-0.0037806
0.0886
0.15219
0.1713
0.14813
0.0995
0.049407
0.019563
0.020429
0.047328
0.08435
0.11297
0.12036
0.10499
0.077685
0.056385
0.056175
0.081004
0.12181
0.16099
0.18065
0.17142
0.13661
0.088415
0.039238
-0.004592
-0.043012
-0.078262
-0.11014
-0.13324
-0.13811
-0.11625
-0.065675
0.0061405
0.082978
0.14471
0.17558
0.17176
0.14316
0.10872
0.088714
0.096612
0.13241
0.18254
0.22884
0.25989
0.27397
0.27372
0.26171
0.24119
0.21649
0.19015
0.16158
0.13108
0.10363
0.087311
0.088747
0.11073
0.15107
0.20032
0.24162
0.25685
0.23675
0.18712
0.12652
0.07767
0.057712
0.071367
0.10911
0.15157
0.17948
0.18399
0.16998
0.15023
0.13627
0.13352
0.141
0.15289
0.16128
0.16096
0.153
0.14335
0.13866
0.14392
0.16223
0.1933
0.23157
0.26754
0.29223
0.30026
0.28987
0.26289
0.22541
0.18653
0.15386
0.1299
0.1129
0.10051
0.092014
0.088584
0.092687
0.10651
0.12881
0.15303
0.16996
0.17318
0.16196
0.1401
0.1139
0.090802
0.077408
0.076767
0.087357
0.10317
0.1133
0.10396
0.06682
0.0076598
-0.055199
-0.10249
-0.12335
-0.11581
-0.084289
-0.038915
0.007225
0.044646
0.071059
0.087658
0.094409
0.090934
0.079519
0.064026
0.046964
0.030337
0.018265
0.015203
0.020996
0.030042
0.035936
0.035903
0.032201
0.032517
0.048349
0.087746
0.14611
0.20531
0.24378
0.24836
0.21988
0.17295
0.13183
0.11965
0.14424
0.19238
0.23888
0.26163
0.25069
0.2103
0.15803
0.11899
0.1125
0.13885
0.17886
0.20715
0.2066
0.17452
0.12188
0.070578
0.046673
0.067995
0.13315
0.22191
0.30627
0.36225
0.37623
0.34886
0.29697
0.24791
0.22453
0.23206
0.25822
0.28429
0.29482
0.28097
0.24173
0.18531
0.12617
0.076715
0.04124
0.017955
0.0037017
-0.005501
-0.015291
-0.029167
-0.043857
-0.052351
-0.052254
-0.048223
-0.04586
-0.046756
-0.050492
-0.05724
-0.064928
-0.0661
-0.051791
-0.019164
0.026415
0.076553
0.12493
0.16736
0.19971
0.21782
0.21875
0.20163
0.1686
0.12631
0.086039
0.059739
0.05398
0.06587
0.08414
0.094889
0.088726
0.065954
0.038375
0.027268
0.056192
0.13883
0.26779
0.41323
0.53452
0.59823
0.59147
0.52478
0.42571
0.32744
0.25557
0.21728
0.1998
0.18167
0.14874
0.10101
0.047845
0.0016583
-0.024118
-0.018478
0.019427
0.076734
0.13345
0.1721
0.1821
0.16102
0.11681
0.066393
0.026275
0.0026314
-0.0085755
-0.013058
-0.012253
-0.0047616
0.0097813
0.028976
0.047292
0.056259
0.047345
0.017618
-0.026388
-0.07066
-0.099856
-0.10275
-0.074919
-0.020091
0.048935
0.11237
0.15088
0.1557
0.13435
0.1069
0.095598
0.11479
0.16508
0.2326
0.29433
0.32871
0.32571
0.28933
0.23267
0.17148
0.11964
0.085706
0.070222
0.066147
0.062824
0.050766
0.024787
-0.014544
-0.06043
-0.10072
-0.12077
-0.10802
-0.056889
0.0274
0.12793
0.2197
0.27836
0.29091
0.26232
0.21348
0.17177
0.15952
0.1846
0.23646
0.29114
0.32477
0.32722
0.30578
0.27835
0.26354
0.27251
0.30253
0.33578
0.34932
0.3312
0.28757
0.23495
0.18861
0.15803
0.14713
0.15323
0.16731
0.17957
0.18519
0.18399
0.17719
0.1672
0.15798
0.15106
0.14114
0.11939
0.082852
0.039029
0.0012828
-0.018661
-0.015603
0.005986
0.031264
0.041782
0.028432
-0.00097539
-0.027123
-0.030758
-0.00029241
0.064408
0.14829
0.22232
0.25608
0.23456
0.16495
0.069885
-0.023194
-0.090502
-0.12016
-0.11843
-0.10571
-0.10154
-0.11097
-0.12409
-0.12593
-0.10549
-0.059403
0.0069768
0.079597
0.14057
0.17769
0.1906
0.18742
0.1765
0.16304
0.15138
0.14569
0.14638
0.14895
0.1485
0.14438
0.1396
0.13828
0.14551
0.16688
0.20409
0.25013
0.29138
0.31552
0.31761
0.3002
0.27017
0.23588
0.20472
0.18128
0.16687
0.16064
0.16067
0.1636
0.16336
0.15138
0.12058
0.072228
0.019202
-0.019532
-0.029926
-0.0099587
0.030949
0.076179
0.10696
0.11011
0.086981
0.055245
0.039534
0.058578
0.11857
0.21271
0.32182
0.41721
0.47066
0.46795
0.41529
0.33404
0.24992
0.18424
0.14798
0.13841
0.14101
0.13824
0.11949
0.085235
0.044543
0.010805
-0.0018878
0.016828
0.067606
0.13763
0.20404
0.24393
0.24355
0.20105
0.12493
0.032599
-0.052197
-0.10649
-0.11693
-0.083726
-0.019003
0.056301
0.11695
0.14236
0.12659
0.080929
0.027035
-0.012757
-0.023227
-0.0018635
0.039376
0.079965
0.10267
0.10285
0.088941
0.075827
0.076216
0.093489
0.11908
0.1371
0.1346
0.11029
0.075293
0.046815
0.039928
0.061218
0.1056
0.15821
0.20192
0.22635
0.23192
0.22722
0.22351
0.22943
0.2468
0.26875
0.28301
0.27967
0.25742
0.22297
0.18546
0.15132
0.1231
0.10077
0.083318
0.070246
0.062477
0.061714
0.068169
0.079215
0.090959
0.10101
0.10918
0.11584
0.12064
0.12292
0.12235
0.11859
0.11074
0.097893
0.080963
0.063861
0.052583
0.052274
0.064608
0.087426
0.11594
0.14394
0.16554
0.17814
0.18424
0.18899
0.19577
0.20482
0.21546
0.22689
0.23626
0.23847
0.22931
0.20763
0.17368
0.12787
0.073082
0.016973
-0.03009
-0.059375
-0.066524
-0.052732
-0.025506
0.0031052
0.022374
0.029046
0.028321
0.029302
0.039398
0.061447
0.093616
0.13052
0.16493
0.19038
0.20402
0.2081
0.20856
0.21149
0.21997
0.23269
0.24467
0.24921
0.24074
0.2173
0.18133
0.13877
0.097871
0.06801
0.057062
0.06726
0.092367
0.11966
0.13639
0.13657
0.12384
0.1093
0.10567
0.12041
0.15145
0.18781
0.2144
0.21812
0.19307
0.1437
0.084203
0.033525
0.0078207
0.013821
0.045729
0.087637
0.12191
0.13973
0.14646
0.15702
0.18456
0.23101
0.28514
0.32838
0.34434
0.32737
0.28545
0.23554
0.19406
0.16915
0.15924
0.15646
0.15081
0.13386
0.10313
0.06523
0.033196
0.017789
0.019875
0.030697
0.038367
0.034378
0.01757
-0.0041691
-0.016512
-0.0069339
0.02684
0.075811
0.12588
0.16404
0.18082
0.17159
0.13834
0.089512
0.036213
-0.011651
-0.046443
-0.063019
-0.060876
-0.046005
-0.02835
-0.01596
-0.011184
-0.011383
-0.011622
-0.0063397
0.010098
0.042409
0.091653
0.15138
0.20612
0.23604
0.2267
0.17787
0.10565
0.037006
-0.0008132
0.0081086
0.061362
0.13992
0.21717
0.27006
0.28745
0.27347
0.24475
0.22288
0.22535
0.25813
0.31301
0.37182
0.41621
0.43646
0.43397
0.418
0.4008
0.3921
0.39362
0.3974
0.3908
0.3645
0.31775
0.25896
0.20268
0.16265
0.14294
0.13412
0.11869
0.082313
0.022117
-0.052034
-0.12291
-0.17452
-0.19913
-0.19844
-0.17954
-0.15001
-0.11544
-0.078835
-0.040923
-0.0015353
0.038755
0.077997
0.11288
0.13863
0.15051
0.14788
0.13712
0.12861
0.13037
0.14513
0.1716
0.20454
0.23357
0.24736
0.24274
0.22821
0.21623
0.21322
0.21777
0.22363
0.21991
0.19121
0.12506
0.022517
-0.10092
-0.22567
-0.33756
-0.42683
-0.48287
-0.49536
-0.46182
-0.3909
-0.2957
-0.18524
-0.063656
0.065697
0.20054
0.34173
0.48732
0.62227
0.72066
0.76229
0.74389
0.67323
0.56075
0.42339
0.28971
0.18951
0.13631
0.12401
0.13822
0.1638
0.18423
0.18584
0.16872
0.14742
0.13612
0.13676
0.14313
0.14924
0.14902
0.13533
0.10773
0.077124
0.055244
0.041618
0.027628
0.010857
-0.0014407
-0.00065255
0.018979
0.062104
0.12821
0.20385
0.2659
0.29536
0.28506
0.23766
0.16603
0.097096
0.064212
0.087239
0.15991
0.25607
0.34377
0.3956
0.39714
0.35366
0.28662
0.21967
0.16798
0.13788
0.12829
0.12835
0.11988
0.089521
0.039006
-0.018031
-0.066418
-0.094972
-0.097357
-0.074545
-0.036125
0.0053458
0.041443
0.066611
0.072166
0.048083
-0.0070011
-0.08092
-0.15464
-0.21118
-0.23804
-0.22783
-0.18286
-0.1178
-0.052206
0.0012297
0.039804
0.066232
0.087284
0.11549
0.16295
0.22832
0.29312
0.33338
0.33299
0.28793
0.20702
0.11471
0.047634
0.037888
0.093967
0.19582
0.30604
0.3861
0.40908
0.36748
0.27548
0.16308
0.063163
-0.0014395
-0.023324
-0.0079228
0.031234
0.076026
0.10943
0.12522
0.13372
0.15407
0.19732
0.25607
0.30953
0.33704
0.3283
0.28597
0.22295
0.15749
0.10828
0.090977
0.11582
0.18373
0.28088
0.37787
0.43989
0.44415
0.39199
0.30607
0.21662
0.14746
0.10888
0.097991
0.10361
0.11186
0.10962
0.086996
0.041686
-0.016206
-0.065206
-0.081964
-0.053291
0.017545
0.11282
0.20782
0.28062
0.32071
0.33148
0.3235
0.30413
0.27339
0.22802
0.1665
0.090242
0.0048829
-0.077113
-0.13856
-0.16612
-0.15676
-0.1163
-0.055466
0.011418
0.068975
0.10744
0.12668
0.1323
0.12888
0.11796
0.10005
0.076808
0.0524
0.034362
0.031237
0.04667
0.074493
0.099627
0.10526
0.083069
0.040454
-0.0019405
-0.0235
-0.017741
0.0044844
0.023131
0.019635
-0.014693
-0.07166
-0.12452
-0.13952
-0.096835
-0.0033173
0.11381
0.22276
0.29809
0.32626
0.31085
0.27221
0.23467
0.21053
0.19737
0.18724
0.17272
0.14575
0.10045
0.042483
-0.0082783
-0.028879
-0.0079708
0.048459
0.12049
0.18193
0.21129
0.20326
0.17236
0.1429
0.13266
0.14389
0.16728
0.19173
0.21049
0.22229
0.23088
0.24283
0.26193
0.28448
0.30186
0.30862
0.30677
0.30329
0.30624
0.3224
0.35336
0.39073
0.41752
0.4184
0.39046
0.34527
0.30214
0.27826
0.27973
0.29637
0.30537
0.28488
0.22895
0.15189
0.079667
0.036253
0.032824
0.062325
0.10117
0.11994
0.098858
0.037793
-0.045509
-0.12495
-0.1761
-0.18438
-0.15145
-0.095898
-0.044103
-0.015375
-0.012628
-0.024272
-0.032326
-0.020194
0.020014
0.080471
0.13774
0.16542
0.15165
0.10624
0.053002
0.016471
0.012574
0.043875
0.098059
0.15258
0.18606
0.18887
0.16497
0.1263
0.086326
0.055281
0.036149
0.023817
0.010321
-0.0075869
-0.026085
-0.038371
-0.039492
-0.028212
-0.0073309
0.01681
0.037195
0.050114
0.055957
0.056187
0.050721
0.03808
0.01635
-0.016036
-0.057963
-0.10232
-0.13579
-0.14369
-0.11671
-0.055776
0.027258
0.11392
0.18726
0.23874
0.26951
0.28714
0.30117
0.31841
0.33832
0.35252
0.35084
0.32946
0.29415
0.25789
0.2362
0.24182
0.27858
0.3375
0.39933
0.44323
0.45621
0.43873
0.40431
0.3735
0.36367
0.3792
0.4081
0.42788
0.41702
0.3654
0.27916
0.17803
0.086175
0.021329
-0.010613
-0.013199
0.0053585
0.034466
0.062949
0.083296
0.094734
0.1004
0.10179
0.097546
0.086851
0.071488
0.05404
0.036378
0.021009
0.011989
0.012342
0.021363
0.036714
0.058972
0.091326
0.13367
0.17892
0.21618
0.23551
0.22944
0.19426
0.13481
0.067142
0.012394
-0.014575
-0.011684
0.012352
0.04397
0.070131
0.081983
0.076372
0.054673
0.020238
-0.023145
-0.070748
-0.1155
-0.148
-0.1597
-0.14775
-0.1173
-0.078307
-0.039654
-0.0055211
0.023917
0.049949
0.073166
0.091736
0.1007
0.094427
0.071571
0.037726
0.0026909
-0.024092
-0.035152
-0.02449
0.011283
0.070001
0.14224
0.21262
0.26463
0.28829
0.286
0.2701
0.25292
0.239
0.22521
0.20529
0.17444
0.13417
0.095287
0.073598
0.080309
0.11683
0.17677
0.24842
0.31553
0.36264
0.38416
0.38664
0.38049
0.37135
0.35958
0.34339
0.32019
0.28872
0.25357
0.22557
0.21477
0.2242
0.25086
0.28914
0.3294
0.3566
0.35567
0.3197
0.25141
0.15842
0.050692
-0.058445
-0.1529
-0.21782
-0.24264
-0.22225
-0.15937
-0.067486
0.031228
0.11334
0.1611
0.16516
0.12586
0.05482
-0.026968
-0.096906
-0.13976
-0.15127
-0.13509
-0.096764
-0.039754
0.034133
0.12112
0.213
0.29864
0.36772
0.41342
0.43228
0.4227
0.38407
0.31829
0.233
0.14345
0.069745
0.030058
0.034083
0.080073
0.15569
0.24088
0.31221
0.34922
0.34157
0.29257
0.21605
0.1287
0.04387
-0.029854
-0.086716
-0.12233
-0.13423
-0.12346
-0.095504
-0.059066
-0.022663
0.0085221
0.032839
0.050102
0.060887
0.068168
0.077472
0.093087
0.11392
0.13356
0.14366
0.13684
0.10902
0.062611
0.0077145
-0.041899
-0.075031
-0.085284
-0.069922
-0.031324
0.019268
0.063583
0.086012
0.082401
0.060278
0.033472
0.017226
0.023718
0.05653
0.10809
0.16392
0.21031
0.23959
0.25243
0.25837
0.2722
0.305
0.35584
0.41152
0.45367
0.46727
0.44672
0.39827
0.33782
0.28441
0.25286
0.24877
0.26658
0.29156
0.3069
0.30263
0.28016
0.25004
0.22601
0.21825
0.22635
0.23687
0.23011
0.1922
0.12207
0.030097
-0.064939
-0.1384
-0.16762
-0.14483
-0.08315
-0.0082885
0.054963
0.089581
0.087535
0.052119
-0.001299
-0.053007
-0.090687
-0.11317
-0.12438
-0.12731
-0.12362
-0.11384
-0.095567
-0.064281
-0.018667
0.036045
0.091476
0.14148
0.18352
0.2174
0.24543
0.27238
0.30216
0.33387
0.36227
0.38232
0.39223
0.39311
0.38766
0.37916
0.36898
0.35391
0.32758
0.28642
0.23396
0.17905
0.13087
0.09583
0.076181
0.068315
0.062579
0.047645
0.016946
-0.028389
-0.081067
-0.13005
-0.16274
-0.16888
-0.14544
-0.097883
-0.036748
0.026343
0.080604
0.11775
0.13435
0.13222
0.11549
0.087674
0.051502
0.010164
-0.031972
-0.068786
-0.092135
-0.094088
-0.071754
-0.030631
0.016992
0.057564
0.082342
0.091222
0.09227
0.096614
0.11217
0.14076
0.17897
0.22027
0.25742
0.28625
0.30843
0.32944
0.35298
0.37742
0.39645
0.40153
0.38471
0.34348
0.28497
0.22454
0.17842
0.15693
0.16196
0.18744
0.22079
0.24714
0.2555
0.24261
0.21256
0.17441
0.13925
0.11568
0.1052
0.10166
0.095607
0.080178
0.055099
0.028371
0.014261
0.025931
0.065875
0.12206
0.17376
0.20225
0.19874
0.16677
0.12055
0.079934
0.062078
0.073344
0.10653
0.14484
0.16895
0.16363
0.1237
0.057958
-0.012749
-0.064287
-0.07974
-0.055084
0.00097488
0.070498
0.13228
0.17003
0.17905
0.16663
0.14647
0.1317
0.12992
0.14031
0.15354
0.15676
0.14231
0.11361
0.082927
0.063235
0.061546
0.077646
0.1064
0.14054
0.17307
0.19867
0.21303
0.21112
0.18773
0.14178
0.080442
0.017975
-0.030318
-0.054081
-0.050147
-0.021858
0.022139
0.06914
0.10508
0.1192
0.10877
0.080476
0.04732
0.023077
0.016959
0.029841
0.053535
0.075144
0.085138
0.082907
0.075073
0.069445
0.070933
0.081058
0.098314
0.11884
0.13919
0.15957
0.18287
0.20924
0.23221
0.24112
0.22734
0.18935
0.13511
0.081289
0.048019
0.050009
0.089376
0.1556
0.23136
0.29866
0.34261
0.35487
0.33701
0.30045
0.26148
0.23475
0.2288
0.24358
0.26976
0.29183
0.29565
0.27586
0.23778
0.19401
0.15878
0.14229
0.14617
0.16245
0.17786
0.18008
0.16145
0.11985
0.059597
-0.0079257
-0.067043
-0.10387
-0.11125
-0.089955
-0.047547
0.0039948
0.05286
0.092867
0.12502
0.15341
0.17994
0.20295
0.2191
0.22515
0.21864
0.199
0.16916
0.13532
0.1043
0.080883
0.067611
0.066344
0.078885
0.10527
0.14136
0.17838
0.20496
0.21086
0.19124
0.15039
0.10204
0.063394
0.045277
0.046206
0.055096
0.059136
0.050062
0.026548
-0.0060001
-0.038369
-0.063044
-0.078226
-0.086374
-0.089919
-0.089874
-0.087492
-0.084433
-0.080571
-0.073274
-0.059429
-0.037268
-0.0066216
0.030452
0.0687
0.1014
0.12497
0.14151
0.15629
0.17329
0.19391
0.21881
0.24877
0.28345
0.32045
0.35554
0.38308
0.39621
0.38935
0.3625
0.32303
0.28237
0.25097
0.23529
0.23678
0.25093
0.26781
0.27592
0.26723
0.2399
0.19802
0.14976
0.10467
0.070279
0.049668
0.041005
0.039348
0.039956
0.041636
0.047748
0.063729
0.093
0.13415
0.18053
0.22221
0.2501
0.26059
0.25706
0.24639
0.2341
0.22206
0.20918
0.19255
0.16868
0.1359
0.096637
0.056814
0.022774
-0.0012379
-0.013743
-0.01632
-0.013711
-0.011764
-0.013274
-0.015556
-0.012635
-3.778e-06
0.022207
0.049133
0.073071
0.086633
0.086688
0.076906
0.066513
0.065785
0.081221
0.11234
0.15066
0.1817
0.19051
0.16835
0.11683
0.047721
-0.021051
-0.071872
-0.093751
-0.085054
-0.051485
-0.0020033
0.054148
0.10901
0.15704
0.19537
0.22271
0.23828
0.24253
0.23869
0.23246
0.22914
0.23063
0.23485
0.23744
0.23426
0.22362
0.20744
0.19021
0.17623
0.16754
0.1639
0.1634
0.16243
0.15628
0.14169
0.11974
0.096232
0.079204
0.075448
0.087862
0.11408
0.14679
0.176
0.19237
0.18967
0.16607
0.125
0.075719
0.031601
0.0052062
0.0028023
0.022481
0.056549
0.095285
0.12986
0.15477
0.16984
0.17979
0.19069
0.20593
0.22458
0.24194
0.2511
0.24565
0.22349
0.18897
0.15105
0.11908
0.099368
0.093674
0.098846
0.10788
0.11298
0.10933
0.097167
0.081395
0.069556
0.068658
0.081589
0.10519
0.13192
0.15416
0.16739
0.1701
0.16184
0.14217
0.11128
0.071666
0.029211
-0.0072126
-0.028772
-0.031144
-0.016987
0.0060118
0.029788
0.049413
0.063783
0.074679
0.085359
0.098762
0.11584
0.13526
0.15468
0.17217
0.187
0.20017
0.21452
0.23321
0.25641
0.27901
0.29194
0.28674
0.25987
0.21422
0.15781
0.10097
0.053163
0.020511
0.0047865
0.0040631
0.013834
0.028007
0.040545
0.048017
0.051426
0.055627
0.066835
0.089779
0.12517
0.16807
0.20856
0.23533
0.24008
0.22069
0.18247
0.13711
0.098501
0.076644
0.073682
0.084538
0.10055
0.11331
0.11775
0.11418
0.10821
0.10777
0.11879
0.14207
0.17324
0.2052
0.23117
0.24657
0.24994
0.24352
0.2324
0.22175
0.21392
0.20796
0.20071
0.18782
0.16544
0.13361
0.098446
0.069341
0.05282
0.048952
0.052384
0.055203
0.049896
0.03305
0.0083394
-0.014628
-0.025498
-0.018072
0.0076683
0.045493
0.084453
0.11322
0.12584
0.12461
0.11816
0.11678
0.12792
0.15254
0.18388
0.21043
0.22199
0.21469
0.19206
0.16277
0.13691
0.12179
0.11893
0.12449
0.13261
0.13835
0.13802
0.1288
0.10997
0.084575
0.059178
0.041378
0.037121
0.048832
0.074374
0.10749
0.14041
0.16718
0.18485
0.19206
0.18775
0.17199
0.14744
0.11937
0.094326
0.078835
0.07793
0.092834
0.11945
0.14987
0.17617
0.1933
0.1996
0.19601
0.18542
0.17196
0.15996
0.15275
0.15145
0.15388
0.15437
0.14562
0.12261
0.086262
0.044378
0.0090038
-0.0084005
-0.001685
0.027287
0.069037
0.10978
0.13615
0.13939
0.11781
0.07707
0.028556
-0.013778
-0.037172
-0.033531
-0.0018708
0.051099
0.11284
0.169
0.2079
0.22368
0.2174
0.19624
0.17114
0.15275
0.14654
0.15014
0.15512
0.15234
0.13716
0.11216
0.086577
0.072538
0.079093
0.10769
0.1523
0.20306
0.24956
0.28213
0.29313
0.27902
0.24147
0.18671
0.12435
0.066594
0.026023
0.011384
0.023852
0.056546
0.097314
0.13283
0.15274
0.15318
0.13834
0.1184
0.10441
0.10326
0.11562
0.13713
0.16127
0.18215
0.1966
0.20482
0.20953
0.21428
0.22215
0.23506
0.25287
0.27233
0.28683
0.2883
0.27076
0.23319
0.18041
0.12196
0.069736
0.034893
0.024334
0.037841
0.067137
0.097516
0.11206
0.097703
0.050947
-0.019874
-0.097557
-0.16263
-0.20002
-0.20302
-0.17392
-0.12176
-0.058377
0.0050654
0.059659
0.098956
0.11935
0.12091
0.10747
0.085563
0.063023
0.047612
0.045189
0.057634
0.082057
0.11225
0.14153
0.16545
0.18326
0.19736
0.21101
0.22546
0.23919
0.24958
0.25514
0.25609
0.25342
0.24807
0.24075
0.23229
0.2238
0.21664
0.21177
0.20874
0.20565
0.2004
0.19197
0.18047
0.16655
0.15147
0.13725
0.12607
0.11934
0.1174
0.11946
0.123
0.12341
0.11536
0.095295
0.06298
0.021655
-0.022548
-0.061477
-0.086665
-0.091786
-0.074752
-0.038476
0.0096143
0.05899
0.098642
0.12099
0.12555
0.11974
0.11559
0.12419
0.15118
0.19496
0.24753
0.29752
0.33493
0.35513
0.35955
0.35273
0.33844
0.31801
0.29126
0.25902
0.22524
0.19669
0.17949
0.1749
0.17756
0.17787
0.16706
0.14203
0.10721
0.072314
0.046857
0.034931
0.033396
0.034347
0.030109
0.017824
0.0010845
-0.01216
-0.014064
-0.0013
0.022611
0.048263
0.064541
0.064085
0.047096
0.02168
0.00079676
-0.0032789
0.014774
0.049605
0.087096
0.11124
0.11156
0.087048
0.046063
0.0033824
-0.024854
-0.027382
-0.0023795
0.042465
0.094168
0.14003
0.17208
0.18944
0.19782
0.20589
0.21997
0.24067
0.2635
0.2818
0.2895
0.28324
0.2642
0.23853
0.21514
0.20159
0.20081
0.21013
0.22266
0.23029
0.22749
0.21374
0.19302
0.17093
0.15154
0.13587
0.12208
0.10681
0.08717
0.062555
0.035095
0.0086481
-0.012718
-0.025762
-0.028735
-0.022122
-0.0090772
0.0052552
0.015664
0.019318
0.017689
0.01664
0.02368
0.043287
0.073294
0.10504
0.12715
0.13072
0.11351
0.081693
0.048199
0.027993
0.032463
0.065232
0.1207
0.18561
0.24364
0.28159
0.29444
0.28632
0.26741
0.24873
0.23747
0.23435
0.23389
0.22746
0.20796
0.17378
0.13001
0.086732
0.055258
0.044099
0.056016
0.087497
0.13072
0.17631
0.2152
0.23976
0.24535
0.23191
0.20402
0.16962
0.1381
0.11781
0.11273
0.12029
0.13278
0.14171
0.14172
0.13165
0.11364
0.091605
0.069726
0.051367
0.039282
0.036345
0.045047
0.065519
0.094082
0.12402
0.14812
0.16143
0.16308
0.15619
0.14606
0.13736
0.13191
0.12788
0.12107
0.10789
0.088864
0.069647
0.058539
0.061976
0.08098
0.11015
0.1395
0.15895
0.16358
0.15617
0.14472
0.13729
0.13827
0.14742
0.16016
0.16892
0.16638
0.14948
0.12061
0.085331
0.049808
0.019732
-0.00059117
-0.0098879
-0.0098639
-0.0022986
0.013431
0.039091
0.074359
0.11571
0.15782
0.19463
0.21922
0.22495
0.20837
0.17113
0.11918
0.061206
0.0080614
-0.028973
-0.042279
-0.03155
-0.0037525
0.029639
0.055655
0.063447
0.049196
0.019238
-0.012369
-0.030581
-0.025548
0.0042574
0.05141
0.10182
0.14086
0.16062
0.16312
0.15763
0.1553
0.16412
0.18521
0.21171
0.23241
0.23823
0.22724
0.20527
0.18333
0.17345
0.18379
0.21506
0.26068
0.31075
0.35662
0.39332
0.41883
0.4317
0.42954
0.41023
0.37486
0.32909
0.28143
0.24012
0.21051
0.19343
0.18472
0.17697
0.16298
0.13902
0.10613
0.069552
0.037273
0.017269
0.013788
0.024805
0.043105
0.060182
0.069567
0.067652
0.053209
0.027209
-0.0073229
-0.04612
-0.084397
-0.11652
-0.13545
-0.13392
-0.10771
-0.058918
0.0032855
0.0647
0.1103
0.12964
0.12175
0.096533
0.070366
0.058057
0.065896
0.089462
0.1166
0.13378
0.13287
0.11513
0.090717
0.074295
0.078519
0.10778
0.1553
0.20588
0.24265
0.25393
0.23691
0.19807
0.1509
0.1112
0.091091
0.094567
0.11687
0.14738
0.17416
0.18828
0.18694
0.17408
0.15733
0.14257
0.13075
0.12022
0.11143
0.10732
0.10909
0.11359
0.11602
0.11318
0.10362
0.087431
0.067933
0.050549
0.037401
0.02537
0.012221
0.0019147
0.00021602
0.007128
0.017568
0.028091
0.039103
0.051392
0.06457
0.079332
0.09806
0.12204
0.14978
0.17847
0.20504
0.22452
0.22938
0.21418
0.18223
0.14639
0.12211
0.12017
0.14452
0.19275
0.25564
0.31844
0.3661
0.38887
0.38508
0.36146
0.3303
0.3028
0.28364
0.27207
0.26557
0.25953
0.24603
0.2185
0.17829
0.13376
0.093205
0.061313
0.040381
0.029174
0.020624
0.0067906
-0.011721
-0.025957
-0.03054
-0.031011
-0.036678
-0.050487
-0.069067
-0.087886
-0.10106
-0.099196
-0.073942
-0.025211
0.038711
0.10666
0.16678
0.2061
0.21525
0.19657
0.1645
0.13537
0.11809
0.11431
0.12257
0.1385
0.15408
0.16284
0.16682
0.17548
0.19664
0.23025
0.2695
0.30397
0.32178
0.31368
0.27907
0.22733
0.17226
0.12557
0.094776
0.084001
0.093998
0.12072
0.15452
0.18262
0.19525
0.19109
0.17557
0.1537
0.12677
0.095833
0.063654
0.030317
-0.0079796
-0.05088
-0.088198
-0.10799
-0.10785
-0.093208
-0.068583
-0.038647
-0.014324
-0.0062111
-0.010224
-0.0089826
0.0099873
0.044855
0.088487
0.13541
0.17529
0.19107
0.1737
0.1338
0.09121
0.058483
0.041221
0.046139
0.074988
0.11259
0.13446
0.12966
0.10846
0.087602
0.077627
0.085137
0.11419
0.15825
0.19895
0.22051
0.22187
0.21127
0.19579
0.18199
0.18079
0.2022
0.24441
0.29306
0.33119
0.34774
0.33881
0.30774
0.266
0.22983
0.21185
0.21523
0.23478
0.26057
0.28071
0.28547
0.27257
0.24786
0.22038
0.19776
0.18551
0.18575
0.1939
0.1987
0.18895
0.16122
0.12187
0.08281
0.054931
0.042606
0.041573
0.041739
0.033519
0.013718
-0.012832
-0.036908
-0.051578
-0.057141
-0.060185
-0.067823
-0.082812
-0.10303
-0.12268
-0.13251
-0.12239
-0.088303
-0.037493
0.016087
0.061344
0.093782
0.11297
0.12228
0.13126
0.15171
0.18726
0.22904
0.26358
0.28288
0.28572
0.27449
0.25553
0.23971
0.23587
0.24253
0.24997
0.25019
0.24077
0.21984
0.18463
0.13855
0.094769
0.068379
0.066823
0.090315
0.13659
0.1985
0.25848
0.29386
0.29152
0.25445
0.19386
0.12142
0.05097
-0.00075623
-0.023865
-0.023636
-0.014497
-0.0079076
-0.0093265
-0.02177
-0.044226
-0.06715
-0.07697
-0.068399
-0.049547
-0.033482
-0.027544
-0.031932
-0.043915
-0.058268
-0.065217
-0.054142
-0.021802
0.025587
0.079313
0.13419
0.18695
0.23318
0.26943
0.29586
0.31299
0.31764
0.30689
0.28605
0.26788
0.26235
0.27028
0.2876
0.31041
0.33285
0.34554
0.34229
0.32666
0.30725
0.28804
0.26765
0.24602
0.22572
0.20645
0.18353
0.15379
0.119
0.082522
0.046522
0.015024
-0.0046667
-0.0081013
0.00038546
0.012036
0.023389
0.037851
0.057813
0.079488
0.09637
0.10349
0.096958
0.07475
0.042083
0.012335
-0.0019867
0.0022581
0.021267
0.050774
0.085627
0.11684
0.13604
0.14259
0.14195
0.13748
0.128
0.11305
0.096427
0.084055
0.08138
0.093341
0.12346
0.17001
0.22328
0.26884
0.29514
0.29921
0.28574
0.26236
0.23712
0.21831
0.21157
0.21485
0.21859
0.2129
0.19326
0.15995
0.11662
0.071893
0.037917
0.022115
0.021477
0.027095
0.031847
0.031371
0.022095
0.004359
-0.01392
-0.022149
-0.016112
0.00063996
0.022336
0.042488
0.050391
0.033421
-0.012186
-0.074269
-0.13059
-0.16051
-0.15109
-0.097839
-0.0069779
0.10262
0.20517
0.28021
0.32016
0.32796
0.312
0.28526
0.26413
0.26076
0.27381
0.28914
0.2909
0.27161
0.23295
0.18228
0.13124
0.093683
0.078773
0.084511
0.099836
0.11329
0.11914
0.11754
0.11277
0.11154
0.11937
0.13587
0.15335
0.16104
0.15178
0.12596
0.091085
0.058411
0.03865
0.038387
0.057335
0.087045
0.11341
0.12437
0.11831
0.1055
0.10093
0.11571
0.15203
0.20091
0.24284
0.25647
0.23339
0.18583
0.13832
0.11222
0.11685
0.1492
0.19625
0.23908
0.261
0.25571
0.22797
0.18739
0.14284
0.10123
0.067638
0.043846
0.027388
0.013854
0.0014213
-0.0065145
-0.0041003
0.010391
0.031439
0.051666
0.069691
0.089809
0.11444
0.141
0.16634
0.18867
0.20325
0.20243
0.18489
0.16133
0.14622
0.1462
0.16033
0.18707
0.22339
0.25749
0.27114
0.25343
0.20869
0.14955
0.088252
0.03841
0.017171
0.035143
0.083933
0.14012
0.18205
0.19862
0.18503
0.1414
0.080241
0.027194
0.0055376
0.020291
0.059745
0.10774
0.14941
0.17072
0.16394
0.13607
0.10563
0.087368
0.082563
0.083775
0.083369
0.075407
0.055573
0.025817
-0.0022091
-0.013883
-0.0036996
0.020895
0.046963
0.064341
0.067183
0.052949
0.024277
-0.0087346
-0.030775
-0.027948
0.0051865
0.062288
0.12785
0.18381
0.21544
0.21511
0.18597
0.14317
0.10699
0.090424
0.093417
0.10878
0.13055
0.15528
0.17955
0.20089
0.22011
0.23888
0.25514
0.26384
0.2623
0.25204
0.23494
0.21036
0.17775
0.14025
0.10357
0.072244
0.048944
0.037412
0.043831
0.073045
0.1229
0.18273
0.23752
0.2739
0.28409
0.2679
0.23359
0.1963
0.17172
0.16802
0.1825
0.20574
0.22803
0.24179
0.24091
0.22237
0.18969
0.1525
0.1209
0.10109
0.095867
0.1056
0.12573
0.14562
0.15417
0.14758
0.13069
0.11174
0.09866
0.09844
0.11371
0.13688
0.1515
0.14378
0.11321
0.071557
0.034217
0.013994
0.019031
0.049688
0.094331
0.131
0.13822
0.10756
0.047793
-0.020768
-0.074677
-0.094591
-0.072975
-0.02036
0.037797
0.075405
0.080327
0.057903
0.024508
-0.00030694
0.00025376
0.03371
0.09222
0.15402
0.19537
0.20419
0.18431
0.15014
0.1203
0.11246
0.13557
0.18246
0.23194
0.26125
0.25783
0.2229
0.16912
0.1157
0.080976
0.074043
0.09152
0.1212
0.14796
0.15866
0.14704
0.11773
0.083832
0.057777
0.043703
0.03799
0.034568
0.029252
0.022785
0.022533
0.038626
0.074571
0.12205
0.16704
0.20026
0.22013
0.22778
0.22318
0.20653
0.17989
0.14647
0.11084
0.081495
0.069984
0.084179
0.12266
0.17662
0.23469
0.28404
0.31109
0.30777
0.27862
0.23844
0.20218
0.17808
0.16868
0.17302
0.1855
0.19611
0.19575
0.18135
0.15469
0.1184
0.077003
0.041026
0.024344
0.033919
0.063871
0.10117
0.13419
0.15387
0.15207
0.12662
0.087601
0.052573
0.033862
0.033882
0.050594
0.078952
0.1052
0.10946
0.082179
0.03562
-0.0050844
-0.019628
0.0004658
0.054578
0.13278
0.2137
0.27162
0.29133
0.27517
0.23688
0.19358
0.16323
0.16034
0.18552
0.22086
0.24161
0.23321
0.19597
0.13815
0.071576
0.012488
-0.022595
-0.026882
-0.0071212
0.024176
0.057722
0.088282
0.11188
0.12685
0.13566
0.14159
0.14397
0.13919
0.12504
0.10154
0.069934
0.036033
0.013122
0.015034
0.043516
0.084793
0.11925
0.1326
0.1198
0.084688
0.038889
-0.0023079
-0.027105
-0.031018
-0.014397
0.020618
0.068649
0.11931
0.16155
0.19122
0.21243
0.23081
0.24716
0.25828
0.26212
0.26
0.25458
0.24739
0.23862
0.22827
0.21658
0.20452
0.1953
0.19514
0.20913
0.23369
0.25465
0.25554
0.22782
0.17253
0.096449
0.012348
-0.058342
-0.09216
-0.07873
-0.02825
0.036398
0.091252
0.11648
0.10126
0.052558
-0.0044254
-0.042202
-0.047491
-0.020949
0.031324
0.097165
0.15434
0.18017
0.16859
0.13199
0.086119
0.041153
0.0078754
0.00052434
0.024543
0.066762
0.10615
0.1324
0.14836
