#ID density(ped/m) speed(m/s)
1 1.593 0.378
2 1.647 0.205
3 0.878 0.93
4 0.859 0.943
5 1.552 0.335
6 0.789 0.92
7 2.156 0.1
8 1.158 0.331
9 1.442 0.4
10 1.542 0.239
11 0.888 0.541
12 2.173 0.086
13 0.631 0.936
14 0.73 0.941
15 0.925 0.564
16 0.828 0.857
17 0.666 0.968
18 1.088 0.563
19 1.013 0.918
20 0.57 1.184
21 1.132 0.613
22 1.202 0.505
23 0.333 1.177
24 0.842 0.921
25 0.939 0.869
26 0.755 0.932
27 1.17 0.429
28 0.889 0.851
29 0.918 0.899
30 0.598 0.806
31 1.642 0.187
32 1.456 0.253
33 0.596 0.811
34 0.711 0.959
35 1.741 0.229
36 1.824 0.136
37 0.745 1.014
38 1.502 0.337
39 1.565 0.188
40 0.789 0.896
41 0.817 1.154
42 0.801 1.184
43 0.565 0.816
44 0.655 0.792
45 0.943 0.989
46 0.822 0.897
47 1.496 0.228
48 0.604 1.227
49 1.421 0.176
50 1.247 0.522
51 1.274 0.447
52 0.653 0.911
53 0.508 0.835
54 1.186 0.386
55 0.845 0.883
56 1.453 0.398
57 1.799 0.192
58 0.593 0.934
59 1.498 0.362
60 0.855 0.931
61 1.852 0.2
62 1.38 0.232
63 1.199 0.529
64 1.2 0.499
65 1.351 0.301
66 0.651 1.225
67 1.266 0.459
68 1.796 0.142
69 1.212 0.496
70 1.164 0.496
71 1.715 0.23
72 0.754 0.875
73 0.954 0.873
74 1.304 0.377
75 1.724 0.189
76 1.247 0.496
77 0.872 0.859
78 0.503 1.2
79 1.186 0.474
80 1.531 0.384
81 1.12 0.552
82 1.286 0.391
83 1.522 0.212
84 1.211 0.489
85 1.92 0.121
86 0.745 0.92
87 1.285 0.38
88 1.455 0.323
89 1.782 0.176
90 1.089 0.6
91 1.238 0.384
92 1.141 0.516
93 1.181 0.479
94 0.333 1.191
95 1.538 0.159
96 0.738 0.818
97 0.614 0.925
98 0.776 1.142
99 1.427 0.152
100 1.294 0.284
101 0.806 0.937
102 0.978 0.818
103 0.724 0.942
104 0.848 0.925
105 0.857 0.882
106 1.007 0.572
107 1.488 0.353
108 0.781 0.978
109 0.874 0.829
110 0.816 0.885
111 0.918 0.852
112 0.643 0.925
113 0.534 1.158
114 2.227 0.1
115 1.545 0.157
116 0.617 0.91
117 0.968 0.933
118 0.912 0.94
119 0.718 0.827
120 1.113 0.483
121 0.866 0.872
122 0.575 0.826
123 1.178 0.546
124 0.845 0.97
125 0.333 1.136
126 1.562 0.229
127 0.76 0.884
128 1.938 0.131
129 1.995 0.096
130 1.766 0.2
131 0.84 1.007
132 0.646 0.969
133 0.538 1.165
134 1.24 0.485
135 1.184 0.505
136 1.5 0.204
137 1.209 0.509
138 1.407 0.229
139 1.414 0.228
140 1.383 0.216
141 0.587 0.866
142 0.865 0.783
143 1.439 0.333
144 1.572 0.198
145 1.841 0.178
146 0.715 0.907
147 2.017 0.154
148 1.159 0.497
149 1.497 0.154
150 0.514 1.172
151 0.628 0.727
152 1.09 0.501
153 0.911 0.884
154 1.327 0.468
155 1.224 0.446
156 1.246 0.4
157 0.667 1.027
158 1.676 0.248
159 0.739 0.858
160 1.371 0.415
161 0.821 0.974
162 1.829 0.131
163 0.775 0.985
164 0.71 0.958
165 1.766 0.181
166 0.864 0.624
167 1.879 0.141
168 1.255 0.397
169 0.944 0.845
170 1.974 0.166
171 0.599 0.851
172 1.917 0.096
173 0.667 0.831
174 0.737 0.885
175 0.829 0.856
176 0.813 0.95
177 1.913 0.189
178 1.421 0.28
179 1.945 0.117
180 1.277 0.466
181 1.058 0.886
182 0.623 1.202
183 1.204 0.535
184 1.496 0.243
185 1.063 0.487
186 1.543 0.376
187 1.925 0.124
188 1.341 0.274
189 1.297 0.535
190 1.025 0.522
191 1.45 0.322
192 0.716 0.907
193 1.511 0.32
194 0.765 0.852
195 1.291 0.298
196 1.535 0.237
197 0.542 0.88
198 0.587 0.825
199 1.152 0.493
200 2.216 0.125
201 1.246 0.417
202 1.101 0.504
203 1.268 0.494
204 2.036 0.143
205 0.528 1.179
206 1.986 0.1
207 1.44 0.406
208 2.221 0.094
209 1.491 0.206
210 0.78 1.028
211 0.693 0.935
212 1.481 0.396
213 0.333 1.195
214 1.109 0.872
215 0.766 0.824
216 0.776 0.89
217 0.877 0.943
218 1.585 0.343
219 1.185 0.496
220 0.91 0.901
221 1.397 0.225
222 1.289 0.366
223 1.234 0.363
224 1.119 0.505
225 1.319 0.481
226 0.74 0.934
227 1.179 0.518
228 2.288 0.092
229 1.925 0.118
230 1.93 0.106
231 0.767 0.639
232 0.769 0.928
233 1.301 0.348
234 1.61 0.181
235 0.523 1.242
236 0.44 1.188
237 1.15 0.472
238 1.991 0.166
239 0.683 0.811
240 1.109 0.909
241 1.073 0.923
242 0.863 0.794
243 0.756 0.971
244 0.681 0.92
245 1.238 0.481
246 0.869 0.858
247 0.736 1.016
248 0.709 0.752
249 1.481 0.35
250 1.236 0.496
251 1.492 0.225
252 1.523 0.227
253 0.643 0.895
254 0.772 0.945
255 0.812 0.895
256 1.453 0.236
257 1.674 0.229
258 1.259 0.442
259 1.445 0.377
260 0.333 1.203
261 0.973 0.895
262 1.279 0.469
263 1.493 0.337
264 0.905 0.956
265 0.942 0.804
266 0.622 0.916
267 1.247 0.349
268 1.115 0.62
269 0.752 1.172
270 1.928 0.153
271 1.623 0.189
272 1.216 0.399
273 2.068 0.08
274 1.941 0.192
275 2.048 0.105
276 0.593 0.987
277 1.12 0.483
278 1.598 0.227
279 1.259 0.379
280 1.766 0.176
281 1.188 0.44
282 1.953 0.199
283 0.863 0.879
284 1.061 0.584
285 1.19 0.474
286 1.609 0.209
287 1.849 0.152
288 0.636 0.812
289 1.649 0.178
290 1.492 0.204
291 1.026 0.493
292 1.436 0.212
293 0.659 0.821
294 0.73 0.769
295 1.108 0.536
296 0.765 1.162
297 0.988 0.89
298 1.49 0.206
299 0.793 0.927
300 1.257 0.452
301 1.476 0.295
302 1.14 0.548
303 1.943 0.11
304 2.128 0.141
305 1.827 0.142
306 1.262 0.483
307 1.178 0.594
308 1.487 0.368
309 0.651 0.801
310 0.711 0.905
311 0.883 0.927
312 1.394 0.521
313 1.963 0.115
314 1.485 0.363
315 1.858 0.135
316 1.483 0.225
317 1.162 0.417
318 0.755 0.848
319 0.767 0.877
320 0.582 0.855
321 0.784 0.546
322 1.819 0.199
323 0.553 1.189
324 0.333 1.211
325 0.684 0.902
326 2.078 0.1
327 0.799 0.523
328 1.712 0.205
329 1.222 0.379
330 1.291 0.51
331 1.174 0.487
332 0.568 1.203
333 1.578 0.379
334 1.402 0.221
335 0.333 1.162
336 1.475 0.211
337 0.75 0.865
338 0.791 0.866
339 0.748 0.92
340 1.466 0.343
341 2.087 0.092
342 1.084 0.594
343 1.395 0.197
344 1.275 0.457
345 1.371 0.432
346 2.182 0.087
347 0.571 1.255
348 1.522 0.218
349 0.713 0.8
350 1.221 0.49
351 2.227 0.082
352 1.27 0.44
353 1.118 0.409
354 0.579 1.176
355 2.122 0.086
356 0.877 0.904
357 0.9 0.923
358 1.008 0.539
359 1.401 0.376
360 1.534 0.325
361 1.213 0.425
362 1.335 0.563
363 1.014 0.575
364 1.285 0.301
365 1.248 0.344
366 0.649 0.906
367 0.765 0.935
368 0.823 0.936
369 0.71 0.889
370 0.859 0.822
371 2.192 0.14
372 2.09 0.135
373 1.268 0.459
374 1.283 0.501
375 0.568 1.169
376 0.952 0.901
377 1.52 0.367
378 0.874 0.854
379 0.808 0.645
380 1.389 0.375
381 1.308 0.492
382 1.778 0.203
383 1.449 0.234
384 1.299 0.343
385 2.209 0.106
386 1.541 0.375
387 0.862 0.787
388 1.04 0.553
389 1.264 0.506
390 1.449 0.417
391 0.804 0.956
392 0.818 0.501
393 1.234 0.433
394 0.819 0.975
395 0.848 0.902
396 1.601 0.208
397 0.795 0.999
398 1.178 0.489
399 0.333 1.199
400 0.771 0.774
401 0.862 0.855
402 0.612 1.138
403 1.493 0.389
404 1.306 0.41
405 1.495 0.389
406 1.701 0.212
407 1.848 0.187
408 1.072 0.525
409 1.071 0.343
410 1.413 0.227
411 0.622 0.967
412 0.777 0.885
413 0.667 0.947
414 1.503 0.235
415 0.937 0.922
416 1.068 0.527
417 1.631 0.21
418 1.35 0.395
419 0.979 0.51
420 1.226 0.474
421 1.862 0.129
422 0.698 0.854
423 1.549 0.17
424 0.847 0.896
425 1.357 0.477
426 1.265 0.403
427 1.252 0.445
428 0.564 0.851
429 1.119 0.586
430 1.984 0.174
431 1.967 0.173
432 1.456 0.48
433 0.589 0.846
434 1.39 0.329
435 0.647 0.898
436 0.863 0.878
437 1.367 0.372
438 1.567 0.22
439 1.921 0.188
440 1.292 0.379
441 0.709 0.639
442 1.832 0.205
443 0.73 0.89
444 1.579 0.188
445 0.839 0.867
446 0.804 0.935
447 0.732 0.791
448 0.538 1.154
449 1.329 0.471
450 1.434 0.399
451 2.015 0.158
452 0.839 0.89
453 1.195 0.483
454 1.214 0.473
455 0.597 0.957
456 2.15 0.086
457 0.91 0.835
458 1.428 0.444
459 1.624 0.23
460 2.05 0.126
461 1.429 0.221
462 1.442 0.145
463 0.936 0.878
464 1.377 0.183
465 0.902 0.821
466 1.82 0.139
467 0.814 0.822
468 0.865 0.914
469 0.634 0.884
470 1.052 0.9
471 1.069 0.52
472 1.074 0.464
473 0.923 0.901
474 1.266 0.333
475 0.72 0.998
476 0.798 0.63
477 0.914 0.77
478 0.876 0.881
479 1.566 0.367
480 0.531 0.851
481 1.187 0.477
482 1.95 0.174
483 0.858 0.829
484 0.705 0.835
485 0.789 0.919
486 1.384 0.508
487 0.75 0.88
488 1.239 0.332
489 1.414 0.246
490 2.007 0.139
491 0.618 1.206
492 1.41 0.463
493 1.001 0.862
494 1.198 0.391
495 1.322 0.467
496 1.174 0.404
497 1.342 0.322
498 1.353 0.383
499 1.289 0.376
500 1.619 0.189
